ENST00000379198_1	219	210	-365.891	-1.67074	-1.74234
ENST00000378756_1	186	186	-249.274	-1.34018	-1.34018
ENST00000377648_1	153	153	407.371	2.66256	2.66256
ENST00000054666_1	120	120	212.701	1.77251	1.77251
ENST00000338639_1	42	42	-30.683	-0.730548	-0.730548
ENST00000240185_1	54	54	133.253	2.46765	2.46765
ENST00000235329_1	117	117	-35.973	-0.307462	-0.307462
ENST00000375980_1	75	75	-61.265	-0.816867	-0.816867
ENST00000480945_1	9	9	81.867	9.09633	9.09633
ENST00000375153_1	15	15	-12.545	-0.836333	-0.836333
ENST00000656825_1	72	72	461.541	6.41029	6.41029
ENST00000246151_1	39	39	72.057	1.84762	1.84762
ENST00000374379_1	78	78	111.275	1.4266	1.4266
ENST00000374358_1	201	201	177.853	0.884841	0.884841
ENST00000374266_1	45	45	56.304	1.2512	1.2512
ENST00000270792_1	108	108	108.828	1.00767	1.00767
ENST00000324856_1	54	54	326.173	6.04024	6.04024
ENST00000321265_1	21	21	13.087	0.62319	0.62319
ENST00000373943_1	129	129	413.415	3.20477	3.20477
ENST00000253063_1	183	183	187.984	1.02723	1.02723
ENST00000373610_1	108	108	186.643	1.72818	1.72818
ENST00000677711_1	42	42	15.195	0.361786	0.361786
ENST00000373548_1	108	108	377.548	3.49581	3.49581
ENST00000354618_1	60	60	153.425	2.55708	2.55708
ENST00000373055_1	30	30	5.106	0.1702	0.1702
ENST00000372969_1	30	30	22.944	0.7648	0.7648
ENST00000372805_1	99	99	423.471	4.27748	4.27748
ENST00000447388_1	273	273	1016.55	3.72363	3.72363
ENST00000304979_1	51	51	55.432	1.0869	1.0869
ENST00000321358_1	36	36	229.8	6.38333	6.38333
ENST00000310955_1	39	39	62.546	1.60374	1.60374
ENST00000472174_1	267	267	606.88	2.27296	2.27296
ENST00000372289_1	36	36	60.996	1.69433	1.69433
ENST00000396651_1	27	27	15.706	0.581704	0.581704
ENST00000246337_1	30	30	8.713	0.290433	0.290433
ENST00000350030_1	120	120	710.162	5.91802	5.91802
ENST00000311672_1	138	138	173.817	1.25954	1.25954
ENST00000371873_1	6	6	6.417	1.0695	1.0695
ENST00000313334_1	96	96	527.53	5.4951	5.4951
ENST00000257181_1	45	45	57.324	1.27387	1.27387
ENST00000360840_1	24	24	5.894	0.245583	0.245583
ENST00000371281_1	285	285	25.036	0.0878456	0.0878456
ENST00000339950_1	81	81	198.284	2.44795	2.44795
ENST00000401041_1	48	48	148.604	3.09592	3.09592
ENST00000370949_1	66	66	116.792	1.76958	1.76958
ENST00000370654_1	57	57	52.228	0.916281	0.916281
ENST00000451137_1	30	30	20.45	0.681667	0.681667
ENST00000370544_1	135	135	902.857	6.68783	6.68783
ENST00000370298_1	6	6	28.592	4.76533	4.76533
ENST00000357650_1	123	123	180.969	1.47129	1.47129
ENST00000370025_1	42	42	236.863	5.6396	5.6396
ENST00000338272_1	69	69	152.339	2.20781	2.20781
ENST00000234677_1	192	192	79.308	0.413063	0.413063
ENST00000369722_1	42	42	9.602	0.228619	0.228619
ENST00000295598_1	189	189	761.63	4.02979	4.02979
ENST00000349139_1	6	6	6.059	1.00983	1.00983
ENST00000624419_1	48	42	27.868	0.580583	0.663524
ENST00000322209_1	78	78	34.807	0.446244	0.446244
ENST00000607355_1	6	6	-7.232	-1.20533	-1.20533
ENST00000369099_1	69	69	146.275	2.11993	2.11993
ENST00000324862_1	201	201	422.539	2.10218	2.10218
ENST00000368884_1	33	33	5.813	0.176152	0.176152
ENST00000290541_1	90	90	160.045	1.77828	1.77828
ENST00000458013_1	81	81	193.698	2.39133	2.39133
ENST00000368694_1	21	21	16.388	0.780381	0.780381
ENST00000328703_1	9	9	10.172	1.13022	1.13022
ENST00000368305_1	78	78	33.519	0.429731	0.429731
ENST00000360472_1	117	117	488.538	4.17554	4.17554
ENST00000368003_1	75	75	86.274	1.15032	1.15032
ENST00000271452_1	27	27	-23.691	-0.877444	-0.877444
ENST00000367889_1	18	18	-6.17	-0.342778	-0.342778
ENST00000367879_1	123	123	141.32	1.14894	1.14894
ENST00000271375_1	192	192	62.348	0.324729	0.324729
ENST00000647382_1	177	177	250.593	1.41578	1.41578
ENST00000340385_1	75	75	-4.616	-0.0615467	-0.0615467
ENST00000367679_1	33	33	53.572	1.62339	1.62339
ENST00000367577_1	186	186	200.485	1.07788	1.07788
ENST00000258341_1	9	9	-11.484	-1.276	-1.276
ENST00000235307_1	45	45	201.044	4.46764	4.46764
ENST00000367435_1	87	87	258.546	2.97179	2.97179
ENST00000367287_1	120	120	72.9	0.6075	0.6075
ENST00000295640_1	192	167	-98.534	-0.513198	-0.590024
ENST00000367210_1	9	9	21.133	2.34811	2.34811
ENST00000414487_1	6	6	12.548	2.09133	2.09133
ENST00000367042_1	114	114	-120.771	-1.05939	-1.05939
ENST00000366988_1	36	36	-44.408	-1.23356	-1.23356
ENST00000341491_1	39	39	86.171	2.20951	2.20951
ENST00000366932_1	63	63	-45.961	-0.72954	-0.72954
ENST00000295006_1	12	12	-3.334	-0.277833	-0.277833
ENST00000323699_1	69	69	-29.526	-0.427913	-0.427913
ENST00000465271_1	21	21	36.516	1.73886	1.73886
ENST00000366815_1	87	87	382.622	4.39795	4.39795
ENST00000310256_1	48	48	7.694	0.160292	0.160292
ENST00000366639_1	24	24	-8.214	-0.34225	-0.34225
ENST00000366628_1	27	27	-20.896	-0.773926	-0.773926
ENST00000435064_1	90	90	-58.054	-0.645044	-0.645044
ENST00000338338_1	36	36	-64.104	-1.78067	-1.78067
ENST00000378609_1	9	9	14.491	1.61011	1.61011
ENST00000378546_1	156	150	-151.891	-0.97366	-1.01261
ENST00000378251_1	159	159	-106.317	-0.66866	-0.66866
ENST00000234875_1	213	213	296.309	1.39112	1.39112
ENST00000343813_1	111	111	14.29	0.128739	0.128739
ENST00000361521_1	33	33	-36.638	-1.11024	-1.11024
ENST00000234590_1	111	111	-66.462	-0.598757	-0.598757
ENST00000377038_1	51	51	-29.105	-0.570686	-0.570686
ENST00000376692_1	60	60	16.6	0.276667	0.276667
ENST00000375436_1	126	126	251.67	1.99738	1.99738
ENST00000264198_1	24	24	-54.448	-2.26867	-2.26867
ENST00000602624_1	135	135	35.501	0.26297	0.26297
ENST00000302271_1	48	48	278.439	5.80081	5.80081
ENST00000374561_1	153	153	572.993	3.74505	3.74505
ENST00000492112_1	144	144	990.031	6.87522	6.87522
ENST00000236273_1	30	30	13.102	0.436733	0.436733
ENST00000455785_1	108	108	728.361	6.74408	6.74408
ENST00000361157_1	39	39	11.278	0.289179	0.289179
ENST00000373824_1	54	54	200.783	3.7182	3.7182
ENST00000426105_1	213	213	717.279	3.36751	3.36751
ENST00000263694_1	39	39	37.66	0.965641	0.965641
ENST00000373703_1	120	120	107.481	0.895675	0.895675
ENST00000647444_1	12	12	17.323	1.44358	1.44358
ENST00000329421_1	204	204	1052.63	5.15997	5.15997
ENST00000373477_1	36	36	-8.997	-0.249917	-0.249917
ENST00000672715_1	105	105	111.429	1.06123	1.06123
ENST00000357214_1	6	6	32.071	5.34517	5.34517
ENST00000318121_1	30	30	3.511	0.117033	0.117033
ENST00000373166_1	87	87	94.732	1.08887	1.08887
ENST00000296214_1	12	12	41.178	3.4315	3.4315
ENST00000373044_1	60	60	66.266	1.10443	1.10443
ENST00000372521_1	60	60	-3.639	-0.06065	-0.06065
ENST00000426263_1	165	165	397.502	2.4091	2.4091
ENST00000236051_1	129	129	58.812	0.455907	0.455907
ENST00000372458_1	18	18	24.746	1.37478	1.37478
ENST00000372257_1	270	270	893.641	3.30978	3.30978
ENST00000319248_1	255	250	186.552	0.731576	0.746208
ENST00000617190_1	54	54	202.609	3.75202	3.75202
ENST00000574428_1	27	27	17.469	0.647	0.647
ENST00000371470_1	84	84	229.753	2.73515	2.73515
ENST00000371429_1	99	99	646.643	6.53175	6.53175
ENST00000271002_1	63	63	179.245	2.84516	2.84516
ENST00000361219_1	66	66	354.608	5.37285	5.37285
ENST00000370982_1	99	99	208.737	2.10845	2.10845
ENST00000370645_1	42	42	92.998	2.21424	2.21424
ENST00000342203_1	75	75	123.033	1.64044	1.64044
ENST00000331835_1	63	63	100.793	1.59989	1.59989
ENST00000652648_1	183	183	810.493	4.42892	4.42892
ENST00000370282_1	42	42	16.308	0.388286	0.388286
ENST00000370238_1	9	9	9.664	1.07378	1.07378
ENST00000370206_1	102	102	320.926	3.14633	3.14633
ENST00000369969_1	63	63	-14.675	-0.232937	-0.232937
ENST00000338366_1	12	12	14.875	1.23958	1.23958
ENST00000271308_1	45	45	94.318	2.09596	2.09596
ENST00000602318_1	33	33	-18.374	-0.556788	-0.556788
ENST00000235090_1	93	93	50.031	0.537968	0.537968
ENST00000339083_1	93	93	19.051	0.204849	0.204849
ENST00000369626_1	21	21	-33.709	-1.60519	-1.60519
ENST00000369535_1	66	66	303.294	4.59536	4.59536
ENST00000358528_1	117	117	753.647	6.44143	6.44143
ENST00000578049_1	24	24	22.243	0.926792	0.926792
ENST00000583313_1	66	66	56.402	0.854576	0.854576
ENST00000369159_1	6	6	-35.526	-5.921	-5.921
ENST00000369155_1	117	117	145.086	1.24005	1.24005
ENST00000368954_1	36	36	45.971	1.27697	1.27697
ENST00000357235_1	9	9	7.682	0.853556	0.853556
ENST00000368892_1	12	12	-2.181	-0.18175	-0.18175
ENST00000368830_1	69	69	-4.326	-0.0626957	-0.0626957
ENST00000368811_1	84	84	12.941	0.15406	0.15406
ENST00000271638_1	84	84	24.836	0.295667	0.295667
ENST00000476133_1	39	39	-15.173	-0.389051	-0.389051
ENST00000361891_1	48	48	37.069	0.772271	0.772271
ENST00000292211_1	117	117	733.123	6.26601	6.26601
ENST00000368474_1	63	63	-17.301	-0.274619	-0.274619
ENST00000368467_1	93	93	-115.956	-1.24684	-1.24684
ENST00000295682_1	6	6	1.348	0.224667	0.224667
ENST00000295702_1	90	90	101.657	1.12952	1.12952
ENST00000295688_1	162	162	427.536	2.63911	2.63911
ENST00000368219_1	21	21	-15.419	-0.734238	-0.734238
ENST00000357325_1	162	162	796.438	4.91628	4.91628
ENST00000368097_1	42	42	55.914	1.33129	1.33129
ENST00000368074_1	42	42	106.515	2.53607	2.53607
ENST00000423014_1	57	57	-19.099	-0.33507	-0.33507
ENST00000368010_1	33	33	36.434	1.10406	1.10406
ENST00000370509_1	15	15	-8.143	-0.542867	-0.542867
ENST00000476371_1	21	21	-3.094	-0.147333	-0.147333
ENST00000367595_1	51	51	11.092	0.21749	0.21749
ENST00000331872_1	9	9	25.779	2.86433	2.86433
ENST00000359856_1	90	90	300.168	3.3352	3.3352
ENST00000367478_1	18	18	27.584	1.53244	1.53244
ENST00000340006_1	117	117	58.117	0.496727	0.496727
ENST00000646651_1	24	24	-1.475	-0.0614583	-0.0614583
ENST00000340990_1	84	84	318.851	3.79585	3.79585
ENST00000367142_1	6	6	16.383	2.7305	2.7305
ENST00000367137_1	102	102	217.94	2.13667	2.13667
ENST00000366999_1	60	60	-58.798	-0.979967	-0.979967
ENST00000261455_1	66	66	-52.813	-0.800197	-0.800197
ENST00000414423_1	6	6	40.856	6.80933	6.80933
ENST00000272163_1	165	145	-12.579	-0.0762364	-0.0867517
ENST00000366843_1	93	93	104.046	1.11877	1.11877
ENST00000343818_1	123	123	-60.373	-0.490837	-0.490837
ENST00000272091_1	33	33	-25.055	-0.759242	-0.759242
ENST00000366794_1	42	42	-19.28	-0.459048	-0.459048
ENST00000689584_1	30	30	-26.439	-0.8813	-0.8813
ENST00000261396_1	63	63	23.519	0.373317	0.373317
ENST00000366663_1	33	4	7.941	0.240636	1.98525
ENST00000366641_1	9	9	17.186	1.90956	1.90956
ENST00000662216_1	9	9	17.186	1.90956	1.90956
ENST00000366609_1	42	42	116.723	2.77912	2.77912
ENST00000366607_1	45	45	78.641	1.74758	1.74758
ENST00000360803_1	111	111	-24.94	-0.224685	-0.224685
ENST00000381125_1	60	60	-18.614	-0.310233	-0.310233
ENST00000355029_1	72	72	127.366	1.76897	1.76897
ENST00000695737_1	30	30	-1.337	-0.0445667	-0.0445667
ENST00000356708_1	57	57	189.633	3.32689	3.32689
ENST00000281141_1	189	189	158.34	0.837778	0.837778
ENST00000378714_1	45	45	-11.847	-0.263267	-0.263267
ENST00000544301_1	45	45	90.015	2.00033	2.00033
ENST00000377275_1	39	39	182.87	4.68897	4.68897
ENST00000376663_1	39	39	127.499	3.26921	3.26921
ENST00000356940_1	60	60	255.977	4.26628	4.26628
ENST00000354911_1	12	12	110.552	9.21267	9.21267
ENST00000580018_1	120	120	158.102	1.31752	1.31752
ENST00000395284_1	126	126	215.836	1.71298	1.71298
ENST00000373585_1	15	15	44.007	2.9338	2.9338
ENST00000354185_1	105	105	60.415	0.575381	0.575381
ENST00000361983_1	36	36	29.067	0.807417	0.807417
ENST00000263559_1	48	48	32.003	0.666729	0.666729
ENST00000373218_1	18	18	2.177	0.120944	0.120944
ENST00000345254_1	78	78	294.329	3.77345	3.77345
ENST00000372833_1	27	27	63.715	2.35981	2.35981
ENST00000211998_1	12	12	1.855	0.154583	0.154583
ENST00000332211_1	9	9	19.745	2.19389	2.19389
ENST00000225174_1	126	113	-79.043	-0.627325	-0.699496
ENST00000520547_1	93	93	164.319	1.76687	1.76687
ENST00000372134_1	66	66	18.511	0.28047	0.28047
ENST00000371703_1	117	117	-7.184	-0.0614017	-0.0614017
ENST00000260731_1	42	42	29.881	0.711452	0.711452
ENST00000334828_1	87	87	42.921	0.493345	0.493345
ENST00000370355_1	78	78	159.399	2.04358	2.04358
ENST00000605788_1	120	120	32.69	0.272417	0.272417
ENST00000369755_1	183	183	342.394	1.87101	1.87101
ENST00000361804_1	39	39	75.285	1.93038	1.93038
ENST00000280154_1	6	6	16.534	2.75567	2.75567
ENST00000298746_1	30	30	13.414	0.447133	0.447133
ENST00000369085_1	45	45	26.671	0.592689	0.592689
ENST00000278100_1	21	21	-16.323	-0.777286	-0.777286
ENST00000455566_1	90	90	-16.925	-0.188056	-0.188056
ENST00000380191_1	27	27	29.18	1.08074	1.08074
ENST00000376980_1	108	108	415.246	3.84487	3.84487
ENST00000376573_1	60	60	81.979	1.36632	1.36632
ENST00000302418_1	27	27	25.898	0.959185	0.959185
ENST00000374749_1	90	90	235.625	2.61806	2.61806
ENST00000682386_1	9	9	24.223	2.69144	2.69144
ENST00000581486_1	51	51	43.886	0.86051	0.86051
ENST00000373944_1	36	36	11.073	0.307583	0.307583
ENST00000299299_1	42	42	-8.692	-0.206952	-0.206952
ENST00000394936_1	189	189	41.745	0.220873	0.220873
ENST00000444643_1	60	60	308.052	5.1342	5.1342
ENST00000372945_1	9	9	10.519	1.16878	1.16878
ENST00000422982_1	123	123	52.662	0.428146	0.428146
ENST00000277865_1	15	15	-2.131	-0.142067	-0.142067
ENST00000680024_1	6	6	30.013	5.00217	5.00217
ENST00000371224_1	165	165	28.084	0.170206	0.170206
ENST00000371142_1	45	45	189.38	4.20844	4.20844
ENST00000370902_1	132	132	74.631	0.565386	0.565386
ENST00000370508_1	33	33	46.08	1.39636	1.39636
ENST00000318364_1	51	51	-8.767	-0.171902	-0.171902
ENST00000370110_1	9	9	9.407	1.04522	1.04522
ENST00000361464_1	18	18	19.752	1.09733	1.09733
ENST00000369937_1	87	87	102.637	1.17974	1.17974
ENST00000369905_1	30	30	131.225	4.37417	4.37417
ENST00000369847_1	9	9	13.22	1.46889	1.46889
ENST00000369815_1	42	42	53.259	1.26807	1.26807
ENST00000369603_1	69	69	533.483	7.73164	7.73164
ENST00000369151_1	12	12	28.877	2.40642	2.40642
ENST00000369103_1	180	180	219.776	1.22098	1.22098
ENST00000369023_1	6	6	-1.521	-0.2535	-0.2535
ENST00000368845_1	6	6	-2.829	-0.4715	-0.4715
ENST00000494792_1	102	102	89.625	0.878676	0.878676
ENST00000309035_1	54	54	121.391	2.24798	2.24798
ENST00000368636_1	18	18	-27.964	-1.55356	-1.55356
ENST00000368547_1	63	63	-52.054	-0.826254	-0.826254
ENST00000532097_1	63	63	-48.381	-0.767952	-0.767952
ENST00000319006_1	114	114	-93.686	-0.821807	-0.821807
ENST00000397420_1	45	45	-49.403	-1.09784	-1.09784
ENST00000263645_1	48	48	-9.304	-0.193833	-0.193833
ENST00000254616_1	48	48	42.234	0.879875	0.879875
ENST00000640959_1	48	48	42.234	0.879875	0.879875
ENST00000651655_1	39	39	7.948	0.203795	0.203795
ENST00000314138_1	54	54	92.005	1.7038	1.7038
ENST00000309377_1	6	6	7.765	1.29417	1.29417
ENST00000379719_1	33	33	157.127	4.76142	4.76142
ENST00000450114_1	54	54	171.602	3.17781	3.17781
ENST00000361367_1	18	18	32.245	1.79139	1.79139
ENST00000354817_1	21	21	111.65	5.31667	5.31667
ENST00000228136_1	15	15	44.577	2.9718	2.9718
ENST00000531120_1	30	30	50.361	1.6787	1.6787
ENST00000341394_1	24	24	169.869	7.07788	7.07788
ENST00000299413_1	51	51	75.174	1.474	1.474
ENST00000278353_1	21	21	-26.541	-1.26386	-1.26386
ENST00000395566_1	111	111	79.311	0.714514	0.714514
ENST00000362021_1	198	188	96.288	0.486303	0.51217
ENST00000263774_1	48	48	22.946	0.478042	0.478042
ENST00000399050_1	183	183	670.69	3.66497	3.66497
ENST00000316059_1	54	54	286.563	5.30672	5.30672
ENST00000227525_1	105	105	73.53	0.700286	0.700286
ENST00000301761_1	66	66	-77.296	-1.17115	-1.17115
ENST00000316461_1	69	69	50.389	0.730275	0.730275
ENST00000301788_1	141	141	21.492	0.152426	0.152426
ENST00000338663_1	108	95	-83.925	-0.777083	-0.883421
ENST00000649896_1	123	123	-29.043	-0.236122	-0.236122
ENST00000312579_1	180	180	220.457	1.22476	1.22476
ENST00000322535_1	15	15	-0.576	-0.0384	-0.0384
ENST00000311481_1	99	99	336.007	3.39401	3.39401
ENST00000310137_1	147	147	464.704	3.16125	3.16125
ENST00000398606_1	18	18	-16.732	-0.929556	-0.929556
ENST00000322776_1	93	93	-50.685	-0.545	-0.545
ENST00000310614_1	9	9	0.187	0.0207778	0.0207778
ENST00000263672_1	81	81	136.91	1.69025	1.69025
ENST00000531188_1	93	93	219.459	2.35977	2.35977
ENST00000358171_1	48	48	88.597	1.84577	1.84577
ENST00000278483_1	9	9	58.186	6.46511	6.46511
ENST00000280258_1	51	51	4.7	0.0921569	0.0921569
ENST00000278618_1	15	15	15.638	1.04253	1.04253
ENST00000265838_1	18	18	-23.447	-1.30261	-1.30261
ENST00000260270_1	48	48	135.61	2.82521	2.82521
ENST00000375549_1	9	9	3.981	0.442333	0.442333
ENST00000280362_1	210	210	103.115	0.491024	0.491024
ENST00000265881_1	195	195	308.594	1.58253	1.58253
ENST00000527958_1	132	132	571.274	4.32783	4.32783
ENST00000300688_1	21	21	42.639	2.03043	2.03043
ENST00000264028_1	66	66	233.431	3.53683	3.53683
ENST00000533632_1	93	93	28.952	0.311312	0.311312
ENST00000652429_1	93	93	48.226	0.518559	0.518559
ENST00000328965_1	81	81	-27.965	-0.345247	-0.345247
ENST00000264027_1	252	252	172.213	0.683385	0.683385
ENST00000284292_1	195	195	725.592	3.72098	3.72098
ENST00000278903_1	183	183	298.775	1.63265	1.63265
ENST00000392708_1	57	57	109.059	1.91332	1.91332
ENST00000438015_1	51	51	114.512	2.24533	2.24533
ENST00000338167_1	114	114	84.635	0.742412	0.742412
ENST00000399808_1	18	18	-91.535	-5.08528	-5.08528
ENST00000323578_1	57	57	-54.336	-0.953263	-0.953263
ENST00000351018_1	84	84	417.627	4.97175	4.97175
ENST00000300747_1	75	75	-0.943	-0.0125733	-0.0125733
ENST00000299424_1	60	60	280.755	4.67925	4.67925
ENST00000288937_1	144	144	62.297	0.432618	0.432618
ENST00000339995_1	132	132	981.507	7.43566	7.43566
ENST00000256196_1	138	138	552.897	4.0065	4.0065
ENST00000439561_1	6	6	8.815	1.46917	1.46917
ENST00000396394_1	39	39	45.572	1.16851	1.16851
ENST00000642928_1	45	45	-18.744	-0.416533	-0.416533
ENST00000395787_1	33	33	3.14	0.0951515	0.0951515
ENST00000378750_1	165	165	100.003	0.606079	0.606079
ENST00000529230_1	48	48	112.937	2.35285	2.35285
ENST00000687097_1	27	27	181.015	6.70426	6.70426
ENST00000302503_1	33	33	154.825	4.69167	4.69167
ENST00000278412_1	84	84	51.265	0.610298	0.610298
ENST00000257245_1	51	51	9.038	0.177216	0.177216
ENST00000300151_1	9	9	-5.92	-0.657778	-0.657778
ENST00000301764_1	162	162	231.324	1.42793	1.42793
ENST00000537328_1	114	114	230.804	2.0246	2.0246
ENST00000273550_1	12	12	13.712	1.14267	1.14267
ENST00000278823_1	255	255	326.479	1.28031	1.28031
ENST00000356638_1	180	180	242.392	1.34662	1.34662
ENST00000330574_1	33	33	8.543	0.258879	0.258879
ENST00000524958_1	126	126	39.29	0.311825	0.311825
ENST00000301935_1	54	54	164.11	3.03907	3.03907
ENST00000294179_1	75	75	109.079	1.45439	1.45439
ENST00000544844_1	48	21	-18.042	-0.375875	-0.859143
ENST00000377390_1	54	54	334.16	6.18815	6.18815
ENST00000275517_1	147	147	42.086	0.286299	0.286299
ENST00000310597_1	21	21	10.381	0.494333	0.494333
ENST00000529639_1	27	27	36.097	1.33693	1.33693
ENST00000377190_1	282	234	453.562	1.60838	1.9383
ENST00000308162_1	216	216	974.231	4.51033	4.51033
ENST00000310999_1	129	129	29.001	0.224814	0.224814
ENST00000376745_1	30	30	33.754	1.12513	1.12513
ENST00000301488_1	195	195	573.029	2.93861	2.93861
ENST00000362034_1	12	12	-36.673	-3.05608	-3.05608
ENST00000355527_1	153	153	-238.728	-1.56031	-1.56031
ENST00000278671_1	108	108	469.499	4.34721	4.34721
ENST00000538039_1	213	213	270.982	1.27222	1.27222
ENST00000310109_1	45	45	2.284	0.0507556	0.0507556
ENST00000525428_1	6	6	1.592	0.265333	0.265333
ENST00000281031_1	48	48	68.743	1.43215	1.43215
ENST00000320585_1	45	45	-8.872	-0.197156	-0.197156
ENST00000398136_1	75	75	47.771	0.636947	0.636947
ENST00000504148_1	54	54	57.764	1.0697	1.0697
ENST00000331581_1	45	45	309.001	6.86669	6.86669
ENST00000534980_1	45	45	199.42	4.43156	4.43156
ENST00000617285_1	276	276	397.082	1.4387	1.4387
ENST00000530167_1	60	60	177.286	2.95477	2.95477
ENST00000534624_1	15	15	-6.428	-0.428533	-0.428533
ENST00000315939_1	6	6	12.051	2.0085	2.0085
ENST00000001008_1	90	90	227.382	2.52647	2.52647
ENST00000261254_1	39	39	38.712	0.992615	0.992615
ENST00000352618_1	63	63	12.464	0.197841	0.197841
ENST00000266544_1	81	71	-24.37	-0.300864	-0.343239
ENST00000009180_1	39	39	69.292	1.77672	1.77672
ENST00000309083_1	207	179	357.196	1.72558	1.99551
ENST00000396705_1	165	165	107.181	0.649582	0.649582
ENST00000229277_1	63	63	51.248	0.81346	0.81346
ENST00000599672_1	6	6	2.2	0.366667	0.366667
ENST00000675855_1	141	141	541.478	3.84027	3.84027
ENST00000228872_1	180	180	791.206	4.39559	4.39559
ENST00000358007_1	12	12	-13.918	-1.15983	-1.15983
ENST00000419869_1	192	192	310.639	1.61791	1.61791
ENST00000229314_1	57	57	267.22	4.68807	4.68807
ENST00000266517_1	27	27	67.42	2.49704	2.49704
ENST00000229395_1	54	54	22.846	0.423074	0.423074
ENST00000282892_1	24	24	-11.965	-0.498542	-0.498542
ENST00000081029_1	12	12	4.238	0.353167	0.353167
ENST00000301072_1	75	75	-21.296	-0.283947	-0.283947
ENST00000267115_1	27	27	28.517	1.05619	1.05619
ENST00000394963_1	69	69	147.852	2.14278	2.14278
ENST00000550487_1	90	90	66.484	0.738711	0.738711
ENST00000412716_1	87	87	550.915	6.33236	6.33236
ENST00000262056_1	108	108	446.877	4.13775	4.13775
ENST00000327443_1	105	105	554.843	5.28422	5.28422
ENST00000429243_1	87	87	263.512	3.02887	3.02887
ENST00000546463_1	72	72	501.021	6.95862	6.95862
ENST00000340913_1	18	18	144.893	8.04961	8.04961
ENST00000303305_1	69	69	251.636	3.6469	3.6469
ENST00000546591_1	102	102	92.294	0.904843	0.904843
ENST00000550697_1	45	45	331.225	7.36056	7.36056
ENST00000267023_1	72	72	24.898	0.345806	0.345806
ENST00000349394_1	51	51	13.5	0.264706	0.264706
ENST00000354947_1	45	45	98.633	2.19184	2.19184
ENST00000652027_1	105	102	61.516	0.585867	0.603098
ENST00000332707_1	30	30	78.162	2.6054	2.6054
ENST00000331710_1	48	48	115.411	2.4044	2.4044
ENST00000542104_1	21	21	-13.74	-0.654286	-0.654286
ENST00000403681_1	48	48	226.616	4.72117	4.72117
ENST00000545606_1	33	33	114.539	3.47088	3.47088
ENST00000258149_1	15	15	1.905	0.127	0.127
ENST00000299300_1	39	39	89.315	2.29013	2.29013
ENST00000247833_1	24	24	38.896	1.62067	1.62067
ENST00000415493_1	78	78	66.327	0.850346	0.850346
ENST00000549982_1	123	123	123.701	1.0057	1.0057
ENST00000266735_1	45	45	151.127	3.35838	3.35838
ENST00000556029_1	90	90	309.99	3.44433	3.44433
ENST00000229266_1	129	129	494.355	3.83221	3.83221
ENST00000525566_1	168	168	107.226	0.63825	0.63825
ENST00000280756_1	36	36	67.029	1.86192	1.86192
ENST00000412830_1	57	57	-2.538	-0.0445263	-0.0445263
ENST00000242576_1	39	39	-0.88	-0.0225641	-0.0225641
ENST00000539276_1	30	30	176.842	5.89473	5.89473
ENST00000377673_1	21	21	-0.545	-0.0259524	-0.0259524
ENST00000261733_1	96	96	-16.507	-0.171948	-0.171948
ENST00000261313_1	21	21	-2.464	-0.117333	-0.117333
ENST00000543473_1	24	24	23.512	0.979667	0.979667
ENST00000229328_1	294	294	20.411	0.0694252	0.0694252
ENST00000229379_1	123	123	261.35	2.1248	2.1248
ENST00000242577_1	117	117	640.338	5.47297	5.47297
ENST00000228506_1	90	90	270.506	3.00562	3.00562
ENST00000262225_1	15	15	42.579	2.8386	2.8386
ENST00000341446_1	93	93	82.611	0.88829	0.88829
ENST00000543796_1	6	6	14.97	2.495	2.495
ENST00000261674_1	216	216	539.372	2.49709	2.49709
ENST00000330579_1	21	21	-6.291	-0.299571	-0.299571
ENST00000498926_1	54	54	-74.084	-1.37193	-1.37193
ENST00000229238_1	126	126	77.2	0.612698	0.612698
ENST00000203630_1	36	36	100.494	2.7915	2.7915
ENST00000535923_1	6	6	0.152	0.0253333	0.0253333
ENST00000000412_1	228	228	421.468	1.84854	1.84854
ENST00000320756_1	36	36	79.423	2.20619	2.20619
ENST00000228251_1	51	51	183.839	3.60469	3.60469
ENST00000014930_1	12	12	-7.086	-0.5905	-0.5905
ENST00000261167_1	216	216	293.315	1.35794	1.35794
ENST00000350669_1	21	21	39.195	1.86643	1.86643
ENST00000337682_1	51	51	31.398	0.615647	0.615647
ENST00000418260_1	93	93	71.406	0.767806	0.767806
ENST00000340398_1	63	63	316.906	5.03025	5.03025
ENST00000398675_1	18	18	9.205	0.511389	0.511389
ENST00000395510_1	66	66	235.286	3.56494	3.56494
ENST00000256689_1	51	51	78.455	1.53833	1.53833
ENST00000005386_1	21	21	37.401	1.781	1.781
ENST00000308025_1	24	24	-17.016	-0.709	-0.709
ENST00000256682_1	180	180	487.349	2.70749	2.70749
ENST00000301071_1	6	6	7.52	1.25333	1.25333
ENST00000312377_1	36	36	19.781	0.549472	0.549472
ENST00000394349_1	24	24	56.054	2.33558	2.33558
ENST00000209875_1	90	90	401.916	4.46573	4.46573
ENST00000257857_1	66	66	150.843	2.2855	2.2855
ENST00000351328_1	51	51	59.377	1.16425	1.16425
ENST00000273308_1	99	99	400.501	4.04546	4.04546
ENST00000553532_1	144	144	-1.234	-0.00856945	-0.00856945
ENST00000262030_1	90	90	121.466	1.34962	1.34962
ENST00000300128_1	84	84	25.884	0.308143	0.308143
ENST00000346473_1	201	201	227.318	1.13094	1.13094
ENST00000548249_1	45	45	58.501	1.30002	1.30002
ENST00000257904_1	138	138	183.171	1.32733	1.32733
ENST00000618691_1	48	48	258.759	5.39081	5.39081
ENST00000318066_1	72	72	426.754	5.92714	5.92714
ENST00000261636_1	90	90	75.444	0.838267	0.838267
ENST00000378026_1	30	30	-2.397	-0.0799	-0.0799
ENST00000545712_1	87	87	-65.421	-0.751966	-0.751966
ENST00000318348_1	84	84	-6.423	-0.0764643	-0.0764643
ENST00000228825_1	135	135	118.143	0.875133	0.875133
ENST00000335007_1	12	12	50.429	4.20242	4.20242
ENST00000202773_1	9	9	5.345	0.593889	0.593889
ENST00000261741_1	219	219	-152.004	-0.694082	-0.694082
ENST00000229390_1	9	9	20.905	2.32278	2.32278
ENST00000464942_1	144	144	-80.33	-0.557847	-0.557847
ENST00000261692_1	18	18	-11.014	-0.611889	-0.611889
ENST00000261693_1	120	120	97.723	0.814358	0.814358
ENST00000339647_1	51	51	149.439	2.93018	2.93018
ENST00000308736_1	78	78	-112.765	-1.44571	-1.44571
ENST00000309594_1	6	6	-8.098	-1.34967	-1.34967
ENST00000302979_1	36	36	23.006	0.639056	0.639056
ENST00000380071_1	120	120	25.739	0.214492	0.214492
ENST00000340473_1	12	12	-6.554	-0.546167	-0.546167
ENST00000647800_1	33	33	87.815	2.66106	2.66106
ENST00000258607_1	9	9	21.795	2.42167	2.42167
ENST00000377595_1	45	45	117.743	2.61651	2.61651
ENST00000218652_1	75	75	299.505	3.9934	3.9934
ENST00000245304_1	45	45	-18.121	-0.402689	-0.402689
ENST00000651721_1	99	99	468.449	4.73181	4.73181
ENST00000376387_1	39	39	205.731	5.27515	5.27515
ENST00000375645_1	198	198	10.446	0.0527576	0.0527576
ENST00000332556_1	57	57	-15.911	-0.27914	-0.27914
ENST00000375370_1	63	63	12.569	0.199508	0.199508
ENST00000356221_1	72	72	19.873	0.276014	0.276014
ENST00000338910_1	186	186	723.235	3.88836	3.88836
ENST00000381020_1	39	39	45.066	1.15554	1.15554
ENST00000380752_1	141	141	-24.249	-0.171979	-0.171979
ENST00000341423_1	75	75	454.138	6.05517	6.05517
ENST00000320027_1	51	51	76.137	1.49288	1.49288
ENST00000323563_1	54	54	74.455	1.3788	1.3788
ENST00000458659_1	42	42	101.145	2.40821	2.40821
ENST00000530705_1	42	42	78.047	1.85826	1.85826
ENST00000646932_1	24	24	18.018	0.75075	0.75075
ENST00000242827_1	30	30	11.058	0.3686	0.3686
ENST00000377818_1	51	51	80.762	1.58357	1.58357
ENST00000682242_1	75	75	64.435	0.859133	0.859133
ENST00000377474_1	57	57	49.397	0.866614	0.866614
ENST00000355619_1	18	18	7.309	0.406056	0.406056
ENST00000282003_1	36	36	46.999	1.30553	1.30553
ENST00000400198_1	129	129	748.145	5.79957	5.79957
ENST00000216714_1	12	12	-3.096	-0.258	-0.258
ENST00000361505_1	45	45	-12.369	-0.274867	-0.274867
ENST00000612549_1	69	69	36.838	0.533884	0.533884
ENST00000678502_1	93	93	710.544	7.64026	7.64026
ENST00000216727_1	93	93	710.544	7.64026	7.64026
ENST00000280987_1	105	105	203.504	1.93813	1.93813
ENST00000261479_1	54	54	97.753	1.81024	1.81024
ENST00000308317_1	9	9	3.11	0.345556	0.345556
ENST00000216832_1	51	51	354.704	6.95498	6.95498
ENST00000298316_1	54	54	227.575	4.21435	4.21435
ENST00000457354_1	30	30	27.538	0.917933	0.917933
ENST00000445930_1	30	30	100.63	3.35433	3.35433
ENST00000395314_1	63	63	329.345	5.2277	5.2277
ENST00000256383_1	27	27	56.371	2.08781	2.08781
ENST00000557154_1	75	75	399.841	5.33121	5.33121
ENST00000555028_1	240	240	264.224	1.10093	1.10093
ENST00000556816_1	15	15	7.084	0.472267	0.472267
ENST00000266126_1	60	60	-2.232	-0.0372	-0.0372
ENST00000557342_1	30	30	44.554	1.48513	1.48513
ENST00000251038_1	54	54	165.167	3.05865	3.05865
ENST00000261303_1	51	51	-31.911	-0.625706	-0.625706
ENST00000356978_1	48	48	291.494	6.07279	6.07279
ENST00000415050_1	129	129	337.154	2.6136	2.6136
ENST00000331334_1	21	21	-29.461	-1.4029	-1.4029
ENST00000555181_1	168	168	166.796	0.992833	0.992833
ENST00000392920_1	123	123	-69.216	-0.562732	-0.562732
ENST00000262238_1	63	63	228.357	3.62471	3.62471
ENST00000409074_1	147	145	-132.805	-0.903435	-0.915897
ENST00000392634_1	30	30	115.022	3.83407	3.83407
ENST00000331320_1	171	171	53.288	0.311626	0.311626
ENST00000250498_1	30	30	14.246	0.474867	0.474867
ENST00000324366_1	162	162	288.543	1.78113	1.78113
ENST00000362031_1	111	111	328.313	2.95777	2.95777
ENST00000307712_1	27	27	25.311	0.937444	0.937444
ENST00000396062_1	78	78	96.206	1.23341	1.23341
ENST00000245458_1	75	75	69.788	0.930507	0.930507
ENST00000216416_1	30	30	83.228	2.77427	2.77427
ENST00000621441_1	6	6	15.164	2.52733	2.52733
ENST00000247225_1	87	87	170.608	1.96101	1.96101
ENST00000216442_1	33	33	33.442	1.01339	1.01339
ENST00000381346_1	66	66	46.989	0.711955	0.711955
ENST00000439696_1	105	105	142.356	1.35577	1.35577
ENST00000389912_1	9	9	7.185	0.798333	0.798333
ENST00000621525_1	9	9	7.185	0.798333	0.798333
ENST00000303575_1	126	126	341.856	2.71314	2.71314
ENST00000261531_1	21	21	-0.966	-0.046	-0.046
ENST00000605997_1	42	42	49.909	1.18831	1.18831
ENST00000298894_1	33	33	-7.761	-0.235182	-0.235182
ENST00000331768_1	81	81	30.069	0.371222	0.371222
ENST00000392882_1	24	24	-15.793	-0.658042	-0.658042
ENST00000216281_1	18	18	-2.313	-0.1285	-0.1285
ENST00000348956_1	156	156	460.786	2.95376	2.95376
ENST00000336219_1	33	33	-11.143	-0.337667	-0.337667
ENST00000693711_1	195	189	469.698	2.40871	2.48517
ENST00000661438_1	21	21	13.262	0.631524	0.631524
ENST00000559596_1	21	21	13.262	0.631524	0.631524
ENST00000389629_1	24	24	80.025	3.33437	3.33437
ENST00000300289_1	129	129	405.744	3.1453	3.1453
ENST00000648006_1	144	144	-87.124	-0.605028	-0.605028
ENST00000220531_1	63	63	0.819	0.013	0.013
ENST00000530028_1	93	93	186.306	2.00329	2.00329
ENST00000261890_1	21	21	65.986	3.14219	3.14219
ENST00000178640_1	36	36	1.093	0.0303611	0.0303611
ENST00000679126_1	141	141	74.334	0.527191	0.527191
ENST00000260379_1	33	33	54.514	1.65194	1.65194
ENST00000379887_1	21	21	130.294	6.20448	6.20448
ENST00000261908_1	60	60	133.998	2.2333	2.2333
ENST00000318443_1	6	6	-8.559	-1.4265	-1.4265
ENST00000267935_1	156	156	-52.001	-0.33334	-0.33334
ENST00000394885_1	21	21	-11.002	-0.523905	-0.523905
ENST00000258886_1	36	36	24.917	0.692139	0.692139
ENST00000044462_1	69	69	3.786	0.0548696	0.0548696
ENST00000426013_1	108	108	231.709	2.14545	2.14545
ENST00000258884_1	75	75	97.838	1.30451	1.30451
ENST00000304191_1	48	48	16.651	0.346896	0.346896
ENST00000332810_1	45	45	-16.394	-0.364311	-0.364311
ENST00000352732_1	90	90	105.504	1.17227	1.17227
ENST00000418476_1	60	60	-39.668	-0.661133	-0.661133
ENST00000256545_1	75	75	128.787	1.71716	1.71716
ENST00000328848_1	174	174	49.308	0.283379	0.283379
ENST00000267884_1	93	81	36.881	0.39657	0.455321
ENST00000267812_1	162	162	224.755	1.38738	1.38738
ENST00000388901_1	30	30	89.332	2.97773	2.97773
ENST00000260443_1	12	12	1.921	0.160083	0.160083
ENST00000435532_1	21	21	-5.935	-0.282619	-0.282619
ENST00000396060_1	15	15	3.754	0.250267	0.250267
ENST00000451270_1	81	81	-2.602	-0.0321235	-0.0321235
ENST00000330964_1	27	27	52.047	1.92767	1.92767
ENST00000300026_1	27	27	11.245	0.416481	0.416481
ENST00000326005_1	9	9	24.893	2.76589	2.76589
ENST00000261880_1	21	21	-11.355	-0.540714	-0.540714
ENST00000249806_1	93	93	-96.001	-1.03227	-1.03227
ENST00000465139_1	9	9	29.187	3.243	3.243
ENST00000451782_1	261	261	319.828	1.22539	1.22539
ENST00000345330_1	30	30	135.954	4.5318	4.5318
ENST00000395081_1	18	18	10.14	0.563333	0.563333
ENST00000268099_1	48	48	113.094	2.35613	2.35613
ENST00000357635_1	105	105	77.839	0.741324	0.741324
ENST00000322347_1	132	132	534.747	4.05111	4.05111
ENST00000394947_1	21	21	39.777	1.89414	1.89414
ENST00000557943_1	18	18	7.301	0.405611	0.405611
ENST00000267970_1	18	18	-4.082	-0.226778	-0.226778
ENST00000267973_1	81	81	29.01	0.358148	0.358148
ENST00000647841_1	33	33	79.242	2.40127	2.40127
ENST00000261721_1	27	27	4.051	0.150037	0.150037
ENST00000299633_1	9	9	19.59	2.17667	2.17667
ENST00000268220_1	36	36	69.418	1.92828	1.92828
ENST00000312475_1	120	120	19.809	0.165075	0.165075
ENST00000357484_1	159	159	-40.472	-0.254541	-0.254541
ENST00000394249_1	42	42	58.199	1.38569	1.38569
ENST00000526049_1	12	12	30.927	2.57725	2.57725
ENST00000254193_1	66	66	-23.566	-0.357061	-0.357061
ENST00000219479_1	288	288	191.772	0.665875	0.665875
ENST00000397514_1	99	99	410.621	4.14769	4.14769
ENST00000330398_1	105	105	306.675	2.92071	2.92071
ENST00000575785_1	66	66	415.602	6.297	6.297
ENST00000262375_1	36	36	218.015	6.05597	6.05597
ENST00000262370_1	141	141	138.575	0.982801	0.982801
ENST00000327827_1	162	162	1059.98	6.54306	6.54306
ENST00000312499_1	60	60	-25.201	-0.420017	-0.420017
ENST00000311895_1	249	249	-243.647	-0.978502	-0.978502
ENST00000261658_1	39	39	9.094	0.233179	0.233179
ENST00000399336_1	180	180	-161.537	-0.897428	-0.897428
ENST00000567954_1	48	48	48.131	1.00273	1.00273
ENST00000358154_1	81	81	38.707	0.477864	0.477864
ENST00000300087_1	21	21	15.111	0.719571	0.719571
ENST00000300093_1	288	288	371.126	1.28863	1.28863
ENST00000330181_1	72	72	-25.565	-0.355069	-0.355069
ENST00000563197_1	6	6	-3.374	-0.562333	-0.562333
ENST00000642816_1	144	144	244.594	1.69857	1.69857
ENST00000251303_1	72	72	-22.481	-0.312236	-0.312236
ENST00000262518_1	21	21	31.42	1.49619	1.49619
ENST00000380361_1	21	21	31.42	1.49619	1.49619
ENST00000324685_1	6	6	1.042	0.173667	0.173667
ENST00000338343_1	108	108	362.563	3.35706	3.35706
ENST00000254108_1	147	147	511.454	3.47928	3.47928
ENST00000219097_1	96	96	8.072	0.0840833	0.0840833
ENST00000285737_1	21	21	-19.512	-0.929143	-0.929143
ENST00000566157_1	57	57	9.491	0.166509	0.166509
ENST00000245185_1	117	117	-64.526	-0.551504	-0.551504
ENST00000330439_1	150	150	-174.633	-1.16422	-1.16422
ENST00000219252_1	156	156	-35.995	-0.230737	-0.230737
ENST00000318129_1	126	126	15.304	0.12146	0.12146
ENST00000412916_1	66	66	163.934	2.48385	2.48385
ENST00000304800_1	87	87	117.858	1.35469	1.35469
ENST00000219169_1	15	15	43.246	2.88307	2.88307
ENST00000441236_1	27	27	64.761	2.39856	2.39856
ENST00000314423_1	84	84	256.367	3.05199	3.05199
ENST00000254940_1	219	219	257.059	1.17379	1.17379
ENST00000288071_1	108	108	12.338	0.114241	0.114241
ENST00000302516_1	105	105	37.751	0.359533	0.359533
ENST00000378799_1	9	9	5.021	0.557889	0.557889
ENST00000219313_1	12	12	26.908	2.24233	2.24233
ENST00000037243_1	18	18	50.521	2.80672	2.80672
ENST00000433866_1	75	75	151.123	2.01497	2.01497
ENST00000683363_1	231	231	223.843	0.969017	0.969017
ENST00000311528_1	102	98	-80.295	-0.787206	-0.819337
ENST00000293860_1	87	87	-68.804	-0.790851	-0.790851
ENST00000199706_1	63	63	-6.47	-0.102698	-0.102698
ENST00000397375_1	27	27	-22.37	-0.828519	-0.828519
ENST00000361871_1	246	246	-96.998	-0.394301	-0.394301
ENST00000301729_1	120	120	-48.582	-0.40485	-0.40485
ENST00000320225_1	12	12	0.285	0.02375	0.02375
ENST00000262300_1	114	114	113.687	0.997254	0.997254
ENST00000248089_1	102	102	21.809	0.213814	0.213814
ENST00000318059_1	36	36	24.222	0.672833	0.672833
ENST00000572467_1	36	36	24.222	0.672833	0.672833
ENST00000321919_1	42	42	30.558	0.727571	0.727571
ENST00000571133_1	9	9	-1.437	-0.159667	-0.159667
ENST00000434724_1	12	12	70.169	5.84742	5.84742
ENST00000198767_1	27	27	8.808	0.326222	0.326222
ENST00000622306_1	180	180	-111.84	-0.621333	-0.621333
ENST00000322989_1	27	27	71.99	2.6663	2.6663
ENST00000304414_1	27	27	16.435	0.608704	0.608704
ENST00000361439_1	114	114	-127.485	-1.11829	-1.11829
ENST00000313511_1	36	36	8.529	0.236917	0.236917
ENST00000263025_1	72	72	183.133	2.54351	2.54351
ENST00000305596_1	159	159	263.6	1.65786	1.65786
ENST00000409939_1	81	81	142.053	1.75374	1.75374
ENST00000321367_1	285	275	-72.169	-0.253225	-0.262433
ENST00000319285_1	78	78	12.94	0.165897	0.165897
ENST00000478753_1	105	105	70.99	0.676095	0.676095
ENST00000320640_1	21	21	16.203	0.771571	0.771571
ENST00000394688_1	78	78	279.859	3.58794	3.58794
ENST00000300291_1	45	45	135.213	3.00473	3.00473
ENST00000309137_1	300	283	271.013	0.903377	0.957643
ENST00000317147_1	60	60	103.95	1.7325	1.7325
ENST00000290949_1	90	90	38.655	0.4295	0.4295
ENST00000519520_1	36	36	72.39	2.01083	2.01083
ENST00000435634_1	114	110	-73.616	-0.645754	-0.669236
ENST00000299980_1	111	111	639.048	5.75719	5.75719
ENST00000361070_1	99	99	65.194	0.658525	0.658525
ENST00000302445_1	141	141	20.696	0.14678	0.14678
ENST00000315467_1	15	15	10.848	0.7232	0.7232
ENST00000258169_1	84	84	-20.39	-0.242738	-0.242738
ENST00000262428_1	81	81	146.97	1.81444	1.81444
ENST00000261622_1	48	48	-61.717	-1.28577	-1.28577
ENST00000301012_1	285	285	-247.55	-0.868596	-0.868596
ENST00000254719_1	87	87	1.448	0.0166437	0.0166437
ENST00000397195_1	84	84	522.04	6.21476	6.21476
ENST00000537505_1	42	42	131.646	3.13443	3.13443
ENST00000611091_1	39	39	31.338	0.803538	0.803538
ENST00000572447_1	75	75	33.977	0.453027	0.453027
ENST00000250101_1	27	27	27.668	1.02474	1.02474
ENST00000593646_1	42	42	4.722	0.112429	0.112429
ENST00000336458_1	42	42	165.258	3.93471	3.93471
ENST00000261647_1	48	48	27.059	0.563729	0.563729
ENST00000395645_1	159	159	-107.378	-0.675333	-0.675333
ENST00000395511_1	81	81	-17.562	-0.216815	-0.216815
ENST00000422514_1	261	261	129.32	0.495479	0.495479
ENST00000261716_1	12	12	46.665	3.88875	3.88875
ENST00000225719_1	30	30	48.475	1.61583	1.61583
ENST00000322652_1	63	63	226.657	3.59773	3.59773
ENST00000261712_1	153	153	1075.37	7.02854	7.02854
ENST00000610402_1	111	111	259.903	2.34147	2.34147
ENST00000605844_1	12	12	41.084	3.42367	3.42367
ENST00000617516_1	9	9	13.735	1.52611	1.52611
ENST00000619426_1	42	42	33.56	0.799048	0.799048
ENST00000225430_1	45	45	33.007	0.733489	0.733489
ENST00000209728_1	45	45	-1.229	-0.0273111	-0.0273111
ENST00000321562_1	78	78	37.722	0.483615	0.483615
ENST00000393892_1	78	78	18.97	0.243205	0.243205
ENST00000393885_1	183	183	58.139	0.317699	0.317699
ENST00000393818_1	75	75	37.196	0.495947	0.495947
ENST00000253794_1	93	93	211.354	2.27262	2.27262
ENST00000590720_1	30	30	169.292	5.64307	5.64307
ENST00000253788_1	21	21	35.274	1.67971	1.67971
ENST00000053867_1	84	84	63.104	0.751238	0.751238
ENST00000398238_1	6	6	11.789	1.96483	1.96483
ENST00000640051_1	60	60	-11.732	-0.195533	-0.195533
ENST00000290158_1	27	27	181.891	6.7367	6.7367
ENST00000642017_1	84	80	-29.022	-0.3455	-0.362775
ENST00000362042_1	93	93	378.487	4.06975	4.06975
ENST00000393366_1	84	84	209.741	2.49692	2.49692
ENST00000290341_1	135	135	364.72	2.70163	2.70163
ENST00000505658_1	6	6	59.237	9.87283	9.87283
ENST00000393196_1	273	273	122.132	0.44737	0.44737
ENST00000555572_1	72	72	23.347	0.324264	0.324264
ENST00000512737_1	72	72	23.347	0.324264	0.324264
ENST00000225298_1	24	24	42.518	1.77158	1.77158
ENST00000337714_1	129	129	243.742	1.88947	1.88947
ENST00000579991_1	156	156	1082.29	6.93776	6.93776
ENST00000251241_1	126	126	359.262	2.85129	2.85129
ENST00000269122_1	21	21	62.625	2.98214	2.98214
ENST00000225577_1	72	72	197.946	2.74925	2.74925
ENST00000258975_1	33	33	-20.327	-0.61597	-0.61597
ENST00000389924_1	21	21	54.245	2.5831	2.5831
ENST00000330459_1	9	9	4.393	0.488111	0.488111
ENST00000589228_1	171	171	354.402	2.07253	2.07253
ENST00000245479_1	147	147	5.511	0.0374898	0.0374898
ENST00000301585_1	105	105	-99.96	-0.952	-0.952
ENST00000245539_1	63	39	-32.406	-0.514381	-0.830923
ENST00000327490_1	228	228	787.899	3.4557	3.4557
ENST00000341249_1	66	66	8.139	0.123318	0.123318
ENST00000587459_1	132	132	661.175	5.0089	5.0089
ENST00000578552_1	96	92	-91.553	-0.953677	-0.995141
ENST00000302538_1	231	231	665.991	2.88308	2.88308
ENST00000263092_1	30	30	-7.474	-0.249133	-0.249133
ENST00000225525_1	48	48	22.176	0.462	0.462
ENST00000396981_1	18	18	65.14	3.61889	3.61889
ENST00000225665_1	183	183	376.005	2.05467	2.05467
ENST00000573584_1	27	27	1.062	0.0393333	0.0393333
ENST00000225698_1	66	66	37.275	0.564773	0.564773
ENST00000158771_1	45	45	81.543	1.81207	1.81207
ENST00000225728_1	27	27	21.684	0.803111	0.803111
ENST00000320316_1	15	15	4.375	0.291667	0.291667
ENST00000574322_1	87	87	359.8	4.13563	4.13563
ENST00000360325_1	54	54	9.624	0.178222	0.178222
ENST00000269298_1	12	12	-11.53	-0.960833	-0.960833
ENST00000269305_1	27	27	-1.139	-0.0421852	-0.0421852
ENST00000573621_1	81	81	68.602	0.846938	0.846938
ENST00000303731_1	123	123	57.276	0.465659	0.465659
ENST00000316509_1	168	168	998.812	5.94531	5.94531
ENST00000360416_1	42	42	-14.956	-0.356095	-0.356095
ENST00000255390_1	174	168	-59.133	-0.339845	-0.351982
ENST00000338034_1	18	18	-19.818	-1.101	-1.101
ENST00000299736_1	117	117	-37.807	-0.323137	-0.323137
ENST00000268717_1	6	6	1.48	0.246667	0.246667
ENST00000255389_1	222	222	57.43	0.258694	0.258694
ENST00000261497_1	207	207	-45.967	-0.222063	-0.222063
ENST00000317635_1	9	9	14.439	1.60433	1.60433
ENST00000540200_1	9	9	18.547	2.06078	2.06078
ENST00000335765_1	123	123	115.694	0.940602	0.940602
ENST00000308360_1	63	63	31.03	0.49254	0.49254
ENST00000225388_1	81	81	544.245	6.71907	6.71907
ENST00000261714_1	39	39	65.721	1.68515	1.68515
ENST00000302362_1	84	84	42.358	0.504262	0.504262
ENST00000617633_1	54	54	36.931	0.683907	0.683907
ENST00000619039_1	84	84	127.098	1.51307	1.51307
ENST00000479035_1	39	39	19.88	0.509744	0.509744
ENST00000394231_1	156	156	155.497	0.996776	0.996776
ENST00000304046_1	117	117	109.133	0.932761	0.932761
ENST00000348513_1	39	39	177.049	4.53972	4.53972
ENST00000361566_1	96	96	-17.826	-0.185688	-0.185688
ENST00000311208_1	144	144	60.335	0.418993	0.418993
ENST00000435506_1	72	72	-104.189	-1.44707	-1.44707
ENST00000352035_1	96	96	46.163	0.480865	0.480865
ENST00000225916_1	258	257	3.443	0.013345	0.0133969
ENST00000393795_1	117	117	-7.965	-0.0680769	-0.0680769
ENST00000328434_1	66	66	33.3	0.504545	0.504545
ENST00000355653_1	15	15	-8.419	-0.561267	-0.561267
ENST00000377095_1	282	282	123.878	0.439284	0.439284
ENST00000315286_1	282	282	516.795	1.83261	1.83261
ENST00000351111_1	201	201	-3.909	-0.0194478	-0.0194478
ENST00000225603_1	9	9	17.649	1.961	1.961
ENST00000311177_1	30	30	3.727	0.124233	0.124233
ENST00000300408_1	99	99	110.949	1.1207	1.1207
ENST00000225969_1	42	42	37.849	0.901167	0.901167
ENST00000225972_1	132	132	585.907	4.43869	4.43869
ENST00000299335_1	33	33	47.887	1.45112	1.45112
ENST00000240316_1	6	6	-4.081	-0.680167	-0.680167
ENST00000313608_1	57	57	-37.234	-0.653228	-0.653228
ENST00000578794_1	45	45	207.28	4.60622	4.60622
ENST00000258962_1	12	12	80.19	6.6825	6.6825
ENST00000330137_1	75	75	81.771	1.09028	1.09028
ENST00000259006_1	108	108	30.896	0.286074	0.286074
ENST00000301587_1	6	6	-2.513	-0.418833	-0.418833
ENST00000409753_1	6	6	-3.309	-0.5515	-0.5515
ENST00000325102_1	252	228	-60.715	-0.240933	-0.266294
ENST00000316804_1	60	60	97.717	1.62862	1.62862
ENST00000254810_1	63	63	407.35	6.46587	6.46587
ENST00000307877_1	117	117	122.618	1.04802	1.04802
ENST00000589210_1	12	12	2.797	0.233083	0.233083
ENST00000319380_1	135	135	83.874	0.621289	0.621289
ENST00000449428_1	15	15	52.012	3.46747	3.46747
ENST00000359995_1	117	117	466.375	3.98611	3.98611
ENST00000301634_1	108	108	-56.222	-0.520574	-0.520574
ENST00000262776_1	132	132	-50.245	-0.380644	-0.380644
ENST00000392446_1	48	48	-89.079	-1.85581	-1.85581
ENST00000573283_1	21	21	33.965	1.61738	1.61738
ENST00000331134_1	141	141	110.25	0.781915	0.781915
ENST00000622299_1	117	117	-124.21	-1.06162	-1.06162
ENST00000331483_1	129	129	-15.926	-0.123457	-0.123457
ENST00000269321_1	30	30	33.563	1.11877	1.11877
ENST00000505490_1	117	117	159.254	1.36115	1.36115
ENST00000392359_1	81	81	-52.972	-0.653975	-0.653975
ENST00000306749_1	153	153	-1.058	-0.00691503	-0.00691503
ENST00000392325_1	201	201	18.445	0.0917662	0.0917662
ENST00000323274_1	99	99	15.27	0.154242	0.154242
ENST00000217652_1	204	204	546.029	2.67661	2.67661
ENST00000237500_1	15	15	1.743	0.1162	0.1162
ENST00000400000_1	45	45	233.136	5.1808	5.1808
ENST00000526991_1	18	18	-1.328	-0.0737778	-0.0737778
ENST00000317702_1	9	9	6.906	0.767333	0.767333
ENST00000317615_1	57	57	4.831	0.0847544	0.0847544
ENST00000261537_1	30	30	57.296	1.90987	1.90987
ENST00000261590_1	48	48	-28.661	-0.597104	-0.597104
ENST00000285116_1	45	45	-3.757	-0.0834889	-0.0834889
ENST00000342988_1	120	120	524.714	4.37262	4.37262
ENST00000316660_1	21	21	-7.367	-0.35081	-0.35081
ENST00000324262_1	30	30	-40.797	-1.3599	-1.3599
ENST00000269141_1	12	12	51.329	4.27742	4.27742
ENST00000261332_1	66	66	220.714	3.34415	3.34415
ENST00000334598_1	99	99	173.925	1.75682	1.75682
ENST00000399022_1	54	54	211.507	3.9168	3.9168
ENST00000588705_1	45	45	62.111	1.38024	1.38024
ENST00000256433_1	45	45	62.111	1.38024	1.38024
ENST00000318240_1	78	78	188.861	2.42129	2.42129
ENST00000580261_1	12	12	-0.92	-0.0766667	-0.0766667
ENST00000285093_1	12	12	-16.06	-1.33833	-1.33833
ENST00000256854_1	165	165	5.015	0.0303939	0.0303939
ENST00000251047_1	54	54	152.426	2.8227	2.8227
ENST00000238497_1	75	75	95.02	1.26693	1.26693
ENST00000299608_1	60	60	68.989	1.14982	1.14982
ENST00000340533_1	219	219	141.687	0.646973	0.646973
ENST00000397778_1	249	249	-239.019	-0.959916	-0.959916
ENST00000215574_1	270	259	95.364	0.3532	0.368201
ENST00000356948_1	78	78	284.771	3.65091	3.65091
ENST00000215375_1	168	168	-145.887	-0.868375	-0.868375
ENST00000587896_1	81	81	387.231	4.78063	4.78063
ENST00000233078_1	162	162	405.138	2.50085	2.50085
ENST00000221494_1	96	96	-63.014	-0.656396	-0.656396
ENST00000215631_1	57	57	68.426	1.20046	1.20046
ENST00000246117_1	63	63	-41.234	-0.654508	-0.654508
ENST00000330133_1	150	150	-184.221	-1.22814	-1.22814
ENST00000616600_1	141	141	147.386	1.04529	1.04529
ENST00000650932_1	33	33	17.872	0.541576	0.541576
ENST00000347512_1	24	24	-39.325	-1.63854	-1.63854
ENST00000245816_1	105	105	-40.884	-0.389371	-0.389371
ENST00000601870_1	15	15	16.189	1.07927	1.07927
ENST00000594797_1	111	111	68.315	0.61545	0.61545
ENST00000596148_1	15	15	13.94	0.929333	0.929333
ENST00000600659_1	99	99	12.727	0.128556	0.128556
ENST00000325495_1	123	123	834.371	6.7835	6.7835
ENST00000586895_1	63	63	-22.392	-0.355429	-0.355429
ENST00000247970_1	225	225	163.397	0.726209	0.726209
ENST00000588657_1	168	168	474.455	2.82414	2.82414
ENST00000327064_1	174	174	375.425	2.15761	2.15761
ENST00000344626_1	57	57	90.126	1.58116	1.58116
ENST00000677123_1	198	198	-16.123	-0.0814293	-0.0814293
ENST00000221486_1	72	72	15.385	0.213681	0.213681
ENST00000316448_1	27	27	126.107	4.67063	4.67063
ENST00000586534_1	60	60	115.581	1.92635	1.92635
ENST00000643579_1	132	132	307.511	2.32963	2.32963
ENST00000263384_1	162	162	-11.808	-0.0728889	-0.0728889
ENST00000291439_1	258	258	-38.663	-0.149857	-0.149857
ENST00000598188_1	135	135	-56.215	-0.416407	-0.416407
ENST00000252602_1	180	180	-53.544	-0.297467	-0.297467
ENST00000445755_1	180	180	-29.831	-0.165728	-0.165728
ENST00000599612_1	57	57	-26.645	-0.467456	-0.467456
ENST00000247003_1	30	30	-26.005	-0.866833	-0.866833
ENST00000683779_1	210	210	-2714.34	-12.9255	-12.9255
ENST00000392271_1	33	33	11.82	0.358182	0.358182
ENST00000355898_1	9	9	1.818	0.202	0.202
ENST00000590247_1	105	105	267.096	2.54377	2.54377
ENST00000284000_1	81	81	38.369	0.473691	0.473691
ENST00000356487_1	30	30	10.831	0.361033	0.361033
ENST00000246548_1	93	93	147.09	1.58161	1.58161
ENST00000317991_1	207	207	475.328	2.29627	2.29627
ENST00000262633_1	114	87	170.83	1.49851	1.96356
ENST00000649813_1	135	135	193.547	1.43368	1.43368
ENST00000587708_1	150	150	149.934	0.99956	0.99956
ENST00000246533_1	111	111	40.745	0.367072	0.367072
ENST00000215071_1	72	72	87.552	1.216	1.216
ENST00000308018_1	42	42	-60.761	-1.44669	-1.44669
ENST00000607714_1	84	84	133.315	1.58708	1.58708
ENST00000409735_1	300	300	456.846	1.52282	1.52282
ENST00000426677_1	177	177	180.179	1.01796	1.01796
ENST00000337392_1	147	147	174.132	1.18457	1.18457
ENST00000270257_1	27	23	-5.763	-0.213444	-0.250565
ENST00000245932_1	186	186	395.141	2.12441	2.12441
ENST00000012443_1	120	120	166.982	1.39152	1.39152
ENST00000270225_1	264	264	-168.265	-0.637367	-0.637367
ENST00000270221_1	69	66	-0.807	-0.0116957	-0.0122273
ENST00000253237_1	171	167	-185.636	-1.08559	-1.11159
ENST00000331825_1	27	27	2.717	0.10063	0.10063
ENST00000595090_1	48	48	-12.694	-0.264458	-0.264458
ENST00000598441_1	87	87	22.287	0.256172	0.256172
ENST00000293350_1	123	123	25.801	0.209764	0.209764
ENST00000391857_1	9	9	57.708	6.412	6.412
ENST00000454376_1	48	48	27.953	0.582354	0.582354
ENST00000250340_1	189	189	-15.795	-0.0835714	-0.0835714
ENST00000322088_1	222	222	381.116	1.71674	1.71674
ENST00000391770_1	252	252	-375.94	-1.49183	-1.49183
ENST00000485876_1	72	72	7.71	0.107083	0.107083
ENST00000321030_1	69	67	-46.437	-0.673	-0.69309
ENST00000221232_1	60	60	105.371	1.75618	1.75618
ENST00000396388_1	15	15	4.133	0.275533	0.275533
ENST00000344063_1	69	69	-33.784	-0.489623	-0.489623
ENST00000205194_1	180	175	-183.877	-1.02154	-1.05073
ENST00000308924_1	147	114	201.031	1.36756	1.76343
ENST00000588649_1	27	27	-6.4	-0.237037	-0.237037
ENST00000292363_1	246	246	-8.245	-0.0335163	-0.0335163
ENST00000591899_1	45	45	-38.973	-0.866067	-0.866067
ENST00000255608_1	255	255	-131.085	-0.514059	-0.514059
ENST00000643116_1	60	60	-46.297	-0.771617	-0.771617
ENST00000215570_1	51	51	-6.426	-0.126	-0.126
ENST00000325327_1	84	84	116.233	1.38373	1.38373
ENST00000221566_1	21	21	-26.348	-1.25467	-1.25467
ENST00000545797_1	246	239	-290.377	-1.18039	-1.21497
ENST00000309311_1	114	114	61.433	0.538886	0.538886
ENST00000269886_1	228	228	-102.434	-0.449272	-0.449272
ENST00000262947_1	42	42	-17.844	-0.424857	-0.424857
ENST00000309324_1	57	57	-35.493	-0.622684	-0.622684
ENST00000252674_1	264	260	396.075	1.50028	1.52337
ENST00000394456_1	39	39	-31.288	-0.802256	-0.802256
ENST00000600480_1	153	153	663.016	4.33344	4.33344
ENST00000301458_1	42	42	-48.346	-1.1511	-1.1511
ENST00000598884_1	63	63	8.496	0.134857	0.134857
ENST00000301457_1	63	63	8.496	0.134857	0.134857
ENST00000359526_1	69	69	121.402	1.75945	1.75945
ENST00000222005_1	66	66	90.615	1.37295	1.37295
ENST00000214869_1	255	255	-79.752	-0.312753	-0.312753
ENST00000586748_1	30	30	-26.747	-0.891567	-0.891567
ENST00000252445_1	24	24	38.618	1.60908	1.60908
ENST00000596731_1	45	45	21.617	0.480378	0.480378
ENST00000210060_1	99	99	44.004	0.444485	0.444485
ENST00000425528_1	114	114	467.059	4.09701	4.09701
ENST00000242784_1	300	300	1234.27	4.11423	4.11423
ENST00000301522_1	9	9	8.223	0.913667	0.913667
ENST00000314606_1	15	15	-8.689	-0.579267	-0.579267
ENST00000263382_1	225	219	88.547	0.393542	0.404324
ENST00000254322_1	24	24	27.902	1.16258	1.16258
ENST00000269701_1	144	144	81.845	0.568368	0.568368
ENST00000487416_1	192	192	156.59	0.815573	0.815573
ENST00000593829_1	126	126	-94.154	-0.747254	-0.747254
ENST00000338128_1	132	132	-24.662	-0.186833	-0.186833
ENST00000304863_1	63	63	20.857	0.331063	0.331063
ENST00000221418_1	78	78	-79.777	-1.02278	-1.02278
ENST00000221419_1	12	12	13.675	1.13958	1.13958
ENST00000221265_1	42	42	-5.333	-0.126976	-0.126976
ENST00000251453_1	45	43	50.468	1.12151	1.17367
ENST00000390658_1	63	63	-19.49	-0.309365	-0.309365
ENST00000683109_1	126	126	34.097	0.270611	0.270611
ENST00000221233_1	60	60	26.575	0.442917	0.442917
ENST00000300811_1	57	57	-3.447	-0.0604737	-0.0604737
ENST00000302165_1	147	147	398.959	2.71401	2.71401
ENST00000542575_1	69	69	-46.562	-0.674812	-0.674812
ENST00000263270_1	105	105	42.186	0.401771	0.401771
ENST00000330720_1	87	87	61.094	0.70223	0.70223
ENST00000549920_1	24	24	29.129	1.21371	1.21371
ENST00000316273_1	36	36	-26.74	-0.742778	-0.742778
ENST00000344175_1	78	78	42.989	0.551141	0.551141
ENST00000352066_1	33	33	-31.59	-0.957273	-0.957273
ENST00000457749_1	84	84	-1260.23	-15.0028	-15.0028
ENST00000245615_1	144	144	-75.28	-0.522778	-0.522778
ENST00000264552_1	27	27	6.683	0.247519	0.247519
ENST00000425675_1	18	18	12.352	0.686222	0.686222
ENST00000610935_1	177	91	1.889	0.0106723	0.0207582
ENST00000312547_1	78	78	12.216	0.156615	0.156615
ENST00000645674_1	18	18	52.354	2.90856	2.90856
ENST00000396290_1	78	78	163.021	2.09001	2.09001
ENST00000304567_1	9	9	11.597	1.28856	1.28856
ENST00000233084_1	27	27	13.39	0.495926	0.495926
ENST00000272233_1	231	231	333.7	1.44459	1.44459
ENST00000264710_1	114	114	469.142	4.11528	4.11528
ENST00000317799_1	18	18	20.892	1.16067	1.16067
ENST00000380171_1	9	9	-2.714	-0.301556	-0.301556
ENST00000233575_1	234	234	534.098	2.28247	2.28247
ENST00000395366_1	60	60	368.288	6.13813	6.13813
ENST00000395323_1	48	48	43.136	0.898667	0.898667
ENST00000238831_1	36	36	65.808	1.828	1.828
ENST00000674370_1	15	15	24.954	1.6636	1.6636
ENST00000402297_1	135	135	150.51	1.11489	1.11489
ENST00000238892_1	9	9	0.854	0.0948889	0.0948889
ENST00000263735_1	36	36	35.575	0.988194	0.988194
ENST00000233146_1	21	21	14.309	0.681381	0.681381
ENST00000272317_1	30	30	87.813	2.9271	2.9271
ENST00000233114_1	57	57	213.322	3.74249	3.74249
ENST00000260641_1	111	111	256.385	2.30977	2.30977
ENST00000263657_1	189	189	85.522	0.452497	0.452497
ENST00000394295_1	42	42	44.778	1.06614	1.06614
ENST00000244227_1	15	15	40.648	2.70987	2.70987
ENST00000244204_1	51	51	9.503	0.186333	0.186333
ENST00000394053_1	105	105	148.033	1.40984	1.40984
ENST00000233331_1	9	9	1.252	0.139111	0.139111
ENST00000483063_1	24	24	29.115	1.21312	1.21312
ENST00000393909_1	6	6	5.105	0.850833	0.850833
ENST00000233143_1	102	102	337.728	3.31106	3.31106
ENST00000409785_1	84	84	668.193	7.95468	7.95468
ENST00000306434_1	9	9	84.505	9.38944	9.38944
ENST00000306368_1	15	15	14.654	0.976933	0.976933
ENST00000323701_1	213	213	-50.26	-0.235962	-0.235962
ENST00000283646_1	84	84	110.458	1.31498	1.31498
ENST00000233379_1	27	27	-11.301	-0.418556	-0.418556
ENST00000240423_1	180	180	-101.847	-0.565817	-0.565817
ENST00000377075_1	114	114	413.211	3.62466	3.62466
ENST00000289371_1	30	30	66.104	2.20347	2.20347
ENST00000264254_1	96	96	3.786	0.0394375	0.0394375
ENST00000408999_1	60	60	303.033	5.05055	5.05055
ENST00000233336_1	141	141	-1.043	-0.00739716	-0.00739716
ENST00000263238_1	27	27	90.383	3.34752	3.34752
ENST00000263239_1	24	24	-16.799	-0.699958	-0.699958
ENST00000683005_1	219	219	635.566	2.90213	2.90213
ENST00000409175_1	30	30	141.891	4.7297	4.7297
ENST00000305747_1	57	57	211.511	3.71072	3.71072
ENST00000260970_1	42	42	129.461	3.0824	3.0824
ENST00000260956_1	30	30	67.45	2.24833	2.24833
ENST00000234160_1	6	6	12.779	2.12983	2.12983
ENST00000397119_1	21	21	15.884	0.756381	0.756381
ENST00000264108_1	123	123	403.679	3.28194	3.28194
ENST00000392539_1	30	30	69.117	2.3039	2.3039
ENST00000295119_1	42	42	34.505	0.821548	0.821548
ENST00000337859_1	18	18	25.332	1.40733	1.40733
ENST00000314761_1	60	60	-16.954	-0.282567	-0.282567
ENST00000392318_1	42	42	59.552	1.4179	1.4179
ENST00000233893_1	75	75	246.834	3.29112	3.29112
ENST00000237889_1	6	6	13.478	2.24633	2.24633
ENST00000392222_1	30	30	54.66	1.822	1.822
ENST00000392132_1	24	24	0.381	0.015875	0.015875
ENST00000491306_1	114	114	136.243	1.19511	1.19511
ENST00000315717_1	12	12	41.364	3.447	3.447
ENST00000490341_1	198	198	705.403	3.56264	3.56264
ENST00000258383_1	30	30	-22.458	-0.7486	-0.7486
ENST00000326427_1	111	111	13.181	0.118748	0.118748
ENST00000264059_1	9	9	-11.066	-1.22956	-1.22956
ENST00000354371_1	96	96	40.084	0.417542	0.417542
ENST00000327435_1	96	96	-161.92	-1.68667	-1.68667
ENST00000658393_1	9	9	-17.316	-1.924	-1.924
ENST00000315212_1	9	9	-17.316	-1.924	-1.924
ENST00000234111_1	15	15	6.068	0.404533	0.404533
ENST00000272227_1	90	90	64.438	0.715978	0.715978
ENST00000315872_1	162	162	445.573	2.75045	2.75045
ENST00000328379_1	12	12	3.085	0.257083	0.257083
ENST00000264720_1	120	120	258.18	2.1515	2.1515
ENST00000344034_1	27	27	65.381	2.42152	2.42152
ENST00000404530_1	63	63	327.175	5.19325	5.19325
ENST00000342166_1	27	27	92.58	3.42889	3.42889
ENST00000238823_1	48	48	261.042	5.43838	5.43838
ENST00000405912_1	57	57	-3.269	-0.0573509	-0.0573509
ENST00000233057_1	30	30	3.05	0.101667	0.101667
ENST00000378954_1	57	57	360.941	6.3323	6.3323
ENST00000313117_1	63	63	432.085	6.85849	6.85849
ENST00000234301_1	66	66	87.114	1.31991	1.31991
ENST00000282388_1	243	243	327.775	1.34887	1.34887
ENST00000319466_1	45	45	36.697	0.815489	0.815489
ENST00000337526_1	15	15	18.175	1.21167	1.21167
ENST00000401558_1	81	81	331.955	4.09821	4.09821
ENST00000394440_1	9	9	10.163	1.12922	1.12922
ENST00000409784_1	45	45	325.439	7.23198	7.23198
ENST00000410067_1	69	69	68.922	0.99887	0.99887
ENST00000234310_1	51	51	390.065	7.64833	7.64833
ENST00000357308_1	78	78	216.985	2.78186	2.78186
ENST00000272348_1	60	60	20.136	0.3356	0.3356
ENST00000396049_1	78	78	213.779	2.74076	2.74076
ENST00000377526_1	93	93	367.032	3.94658	3.94658
ENST00000393868_1	42	42	20.44	0.486667	0.486667
ENST00000377386_1	132	132	343.619	2.60317	2.60317
ENST00000263857_1	45	45	-34.161	-0.759133	-0.759133
ENST00000272418_1	138	138	-60.314	-0.437058	-0.437058
ENST00000337288_1	15	15	4.475	0.298333	0.298333
ENST00000323853_1	48	48	-16.658	-0.347042	-0.347042
ENST00000414820_1	30	30	-9.749	-0.324967	-0.324967
ENST00000328709_1	54	54	48.65	0.900926	0.900926
ENST00000264255_1	234	234	394.416	1.68554	1.68554
ENST00000409886_1	60	60	316.682	5.27803	5.27803
ENST00000245680_1	27	27	45.97	1.70259	1.70259
ENST00000426077_1	297	297	86.686	0.291872	0.291872
ENST00000285814_1	69	69	-6.62	-0.095942	-0.095942
ENST00000285398_1	69	69	-114.669	-1.66187	-1.66187
ENST00000272647_1	15	15	106.846	7.12307	7.12307
ENST00000409914_1	219	219	580.697	2.65158	2.65158
ENST00000451531_1	219	219	611.524	2.79235	2.79235
ENST00000309451_1	81	81	-60.386	-0.745506	-0.745506
ENST00000264156_1	18	18	1.254	0.0696667	0.0696667
ENST00000264161_1	108	108	61.16	0.566296	0.566296
ENST00000241393_1	33	33	49.878	1.51145	1.51145
ENST00000310015_1	45	45	385.811	8.57358	8.57358
ENST00000284719_1	48	48	104.746	2.18221	2.18221
ENST00000284727_1	15	15	61.785	4.119	4.119
ENST00000392349_1	93	93	203.371	2.18678	2.18678
ENST00000388968_1	12	12	18.271	1.52258	1.52258
ENST00000392246_1	66	66	446.94	6.77182	6.77182
ENST00000233190_1	12	12	5.299	0.441583	0.441583
ENST00000345146_1	12	12	6.301	0.525083	0.525083
ENST00000450366_1	63	63	34.624	0.549587	0.549587
ENST00000354785_1	54	54	84.365	1.56231	1.56231
ENST00000243776_1	102	102	62.472	0.612471	0.612471
ENST00000281828_1	21	21	1.324	0.0630476	0.0630476
ENST00000409304_1	120	120	356.373	2.96978	2.96978
ENST00000322723_1	33	33	77.163	2.33827	2.33827
ENST00000252711_1	99	99	-165.661	-1.67334	-1.67334
ENST00000217233_1	81	81	14.163	0.174852	0.174852
ENST00000335877_1	135	135	337.796	2.50219	2.50219
ENST00000329276_1	51	51	8.3	0.162745	0.162745
ENST00000380325_1	75	75	6.46	0.0861333	0.0861333
ENST00000379440_1	48	48	20.278	0.422458	0.422458
ENST00000246071_1	12	12	6.616	0.551333	0.551333
ENST00000246069_1	63	63	230.858	3.66441	3.66441
ENST00000432901_1	123	123	92.179	0.749423	0.749423
ENST00000334982_1	33	33	143.395	4.3453	4.3453
ENST00000262460_1	120	114	-57.417	-0.478475	-0.503658
ENST00000398174_1	75	75	13.465	0.179533	0.179533
ENST00000394552_1	30	30	14.805	0.4935	0.4935
ENST00000398022_1	81	81	250.91	3.09765	3.09765
ENST00000375749_1	27	27	4.49	0.166296	0.166296
ENST00000217402_1	162	162	461.54	2.84901	2.84901
ENST00000246194_1	9	9	44.177	4.90856	4.90856
ENST00000357156_1	33	33	48.03	1.45545	1.45545
ENST00000244020_1	48	48	212.532	4.42775	4.42775
ENST00000217026_1	201	201	225.627	1.12252	1.12252
ENST00000372710_1	156	156	179.852	1.1529	1.1529
ENST00000356455_1	69	69	19.71	0.285652	0.285652
ENST00000262982_1	15	15	-5.419	-0.361267	-0.361267
ENST00000244061_1	213	213	78.809	0.369995	0.369995
ENST00000303004_1	39	39	79.897	2.04864	2.04864
ENST00000371621_1	84	84	-25.425	-0.302679	-0.302679
ENST00000371419_1	51	51	257.796	5.05482	5.05482
ENST00000217109_1	75	75	-90.419	-1.20559	-1.20559
ENST00000395841_1	213	213	-87.268	-0.409709	-0.409709
ENST00000356208_1	90	90	-54.412	-0.604578	-0.604578
ENST00000253003_1	69	69	-62.916	-0.911826	-0.911826
ENST00000343986_1	36	36	-13.927	-0.386861	-0.386861
ENST00000266069_1	162	162	6.536	0.0403457	0.0403457
ENST00000370179_1	42	42	-0.812	-0.0193333	-0.0193333
ENST00000266077_1	207	201	-26.809	-0.129512	-0.133378
ENST00000360864_1	174	174	266.546	1.53187	1.53187
ENST00000216879_1	138	138	291.288	2.11078	2.11078
ENST00000380843_1	87	87	257.835	2.96362	2.96362
ENST00000354488_1	108	108	96.664	0.895037	0.895037
ENST00000379772_1	39	39	103.709	2.65921	2.65921
ENST00000338244_1	33	33	74.138	2.24661	2.24661
ENST00000342308_1	18	18	19.873	1.10406	1.10406
ENST00000379143_1	135	135	351.486	2.6036	2.6036
ENST00000377759_1	63	63	153.015	2.42881	2.42881
ENST00000217456_1	126	126	-35.235	-0.279643	-0.279643
ENST00000202017_1	129	129	47.043	0.364674	0.364674
ENST00000374980_1	15	15	62.777	4.18513	4.18513
ENST00000217426_1	135	135	133.073	0.985726	0.985726
ENST00000651619_1	141	141	169.054	1.19896	1.19896
ENST00000444717_1	54	54	32.492	0.601704	0.601704
ENST00000374450_1	228	228	267.794	1.17454	1.17454
ENST00000374114_1	27	27	99.551	3.68707	3.68707
ENST00000253363_1	12	12	53.564	4.46367	4.46367
ENST00000255174_1	36	36	101.82	2.82833	2.82833
ENST00000371588_1	21	21	41.059	1.95519	1.95519
ENST00000217131_1	27	27	-22.37	-0.828519	-0.828519
ENST00000243997_1	21	21	24.209	1.15281	1.15281
ENST00000355937_1	6	6	-5.519	-0.919833	-0.919833
ENST00000370873_1	24	24	5.406	0.22525	0.22525
ENST00000270142_1	18	18	12.531	0.696167	0.696167
ENST00000290349_1	195	177	-548.812	-2.81442	-3.10063
ENST00000647188_1	9	9	55.225	6.13611	6.13611
ENST00000649170_1	30	28	-24.619	-0.820633	-0.87925
ENST00000497547_1	66	66	-80.499	-1.21968	-1.21968
ENST00000291577_1	24	24	-21.408	-0.892	-0.892
ENST00000291634_1	51	51	-56.46	-1.10706	-1.10706
ENST00000361866_1	117	117	-84.742	-0.724291	-0.724291
ENST00000285667_1	15	15	-2.184	-0.1456	-0.1456
ENST00000348354_1	12	12	31.763	2.64692	2.64692
ENST00000352957_1	18	18	34.246	1.90256	1.90256
ENST00000346798_1	78	78	318.067	4.07778	4.07778
ENST00000284984_1	9	9	-0.617	-0.0685555	-0.0685555
ENST00000290130_1	54	54	-16.577	-0.306981	-0.306981
ENST00000542230_1	51	51	46.277	0.907392	0.907392
ENST00000381815_1	99	99	-13.363	-0.13498	-0.13498
ENST00000290299_1	36	36	-7.439	-0.206639	-0.206639
ENST00000360525_1	60	60	4.609	0.0768167	0.0768167
ENST00000309117_1	126	126	-171.651	-1.36231	-1.36231
ENST00000331573_1	6	6	1.989	0.3315	0.3315
ENST00000380749_1	153	153	905.726	5.91978	5.91978
ENST00000291552_1	30	30	125.596	4.18653	4.18653
ENST00000291568_1	6	6	-8.594	-1.43233	-1.43233
ENST00000345496_1	66	66	-98.221	-1.4882	-1.4882
ENST00000332859_1	114	114	83.084	0.728807	0.728807
ENST00000333130_1	36	36	-5.529	-0.153583	-0.153583
ENST00000430524_1	48	48	32.185	0.670521	0.670521
ENST00000354336_1	57	57	109.992	1.92968	1.92968
ENST00000215754_1	66	66	-43.552	-0.659879	-0.659879
ENST00000397938_1	48	48	302.178	6.29537	6.29537
ENST00000331457_1	279	275	257.663	0.923523	0.936956
ENST00000359114_1	30	30	-40.706	-1.35687	-1.35687
ENST00000455236_1	30	30	-40.706	-1.35687	-1.35687
ENST00000215957_1	108	108	-69.677	-0.645157	-0.645157
ENST00000442738_1	66	66	-17.129	-0.25953	-0.25953
ENST00000216034_1	18	18	15.766	0.875889	0.875889
ENST00000325301_1	9	9	25.515	2.835	2.835
ENST00000674920_1	48	48	82.225	1.71302	1.71302
ENST00000216225_1	69	69	122.967	1.78213	1.78213
ENST00000263253_1	90	90	559.516	6.21684	6.21684
ENST00000352645_1	255	255	250.423	0.982051	0.982051
ENST00000360079_1	87	87	-30.727	-0.353184	-0.353184
ENST00000255784_1	93	93	41.765	0.449086	0.449086
ENST00000252934_1	96	96	30.589	0.318635	0.318635
ENST00000328268_1	21	21	-5.075	-0.241667	-0.241667
ENST00000360612_1	111	111	17.884	0.161117	0.161117
ENST00000395737_1	69	69	-16.681	-0.241754	-0.241754
ENST00000253413_1	42	42	2.177	0.0518333	0.0518333
ENST00000622694_1	30	30	-16.563	-0.5521	-0.5521
ENST00000215882_1	6	6	0.0889999	0.0148333	0.0148333
ENST00000263202_1	18	18	27.036	1.502	1.502
ENST00000263207_1	39	39	153.517	3.93633	3.93633
ENST00000255882_1	279	279	4.615	0.0165412	0.0165412
ENST00000292778_1	105	105	-23.113	-0.220124	-0.220124
ENST00000484558_1	90	90	40.891	0.454344	0.454344
ENST00000435822_1	252	252	1.009	0.00400396	0.00400396
ENST00000335272_1	15	15	103.709	6.91393	6.91393
ENST00000490103_1	42	42	-16.757	-0.398976	-0.398976
ENST00000354694_1	39	39	-34.951	-0.896179	-0.896179
ENST00000216038_1	60	60	-19.46	-0.324333	-0.324333
ENST00000216185_1	48	48	8.501	0.177104	0.177104
ENST00000397224_1	48	48	-4.146	-0.086375	-0.086375
ENST00000216190_1	78	78	-53.564	-0.686718	-0.686718
ENST00000381669_1	108	108	-33.899	-0.31388	-0.31388
ENST00000396832_1	87	87	287.725	3.30718	3.30718
ENST00000356244_1	210	210	110.125	0.524405	0.524405
ENST00000355209_1	75	75	-70.7	-0.942667	-0.942667
ENST00000263256_1	48	48	232.874	4.85154	4.85154
ENST00000401959_1	78	78	21.583	0.276705	0.276705
ENST00000215980_1	45	45	-26.537	-0.589711	-0.589711
ENST00000323013_1	75	75	-140.995	-1.87993	-1.87993
ENST00000252115_1	12	12	-6.595	-0.549583	-0.549583
ENST00000617178_1	126	126	-52.154	-0.413921	-0.413921
ENST00000352397_1	126	126	-52.154	-0.413921	-0.413921
ENST00000263246_1	141	141	121.801	0.863837	0.863837
ENST00000216129_1	57	57	-58.63	-1.0286	-1.0286
ENST00000336156_1	279	279	734.812	2.63373	2.63373
ENST00000216264_1	48	48	-61.546	-1.28221	-1.28221
ENST00000404760_1	33	33	2.943	0.0891818	0.0891818
ENST00000256495_1	9	9	-8.597	-0.955222	-0.955222
ENST00000256496_1	12	12	22.906	1.90883	1.90883
ENST00000397261_1	150	150	387.261	2.58174	2.58174
ENST00000397256_1	75	75	125.88	1.6784	1.6784
ENST00000256474_1	42	42	7.204	0.171524	0.171524
ENST00000306024_1	75	75	32.03	0.427067	0.427067
ENST00000383794_1	18	18	-5.454	-0.303	-0.303
ENST00000307839_1	9	9	0.712	0.0791111	0.0791111
ENST00000320954_1	159	159	75.425	0.474371	0.474371
ENST00000396203_1	36	36	75.618	2.1005	2.1005
ENST00000349496_1	12	12	59.967	4.99725	4.99725
ENST00000389061_1	66	66	427.082	6.47094	6.47094
ENST00000438607_1	18	18	17.647	0.980389	0.980389
ENST00000356401_1	90	90	145.968	1.62187	1.62187
ENST00000326925_1	15	15	1.487	0.0991333	0.0991333
ENST00000308775_1	30	30	170.405	5.68017	5.68017
ENST00000296456_1	153	153	173.151	1.13171	1.13171
ENST00000528157_1	270	270	825.007	3.05558	3.05558
ENST00000295959_1	69	31	32.169	0.466217	1.03771
ENST00000273258_1	6	6	-14.908	-2.48467	-2.48467
ENST00000263780_1	42	42	62.138	1.47948	1.47948
ENST00000240851_1	81	81	217.287	2.68256	2.68256
ENST00000309922_1	51	51	53.413	1.04731	1.04731
ENST00000273359_1	30	30	11.469	0.3823	0.3823
ENST00000494664_1	57	57	11.262	0.197579	0.197579
ENST00000477892_1	51	51	50.988	0.999765	0.999765
ENST00000243253_1	138	138	59.149	0.428616	0.428616
ENST00000265062_1	18	18	27.124	1.50689	1.50689
ENST00000314797_1	114	114	-9.386	-0.0823333	-0.0823333
ENST00000383463_1	135	135	-107.216	-0.794193	-0.794193
ENST00000678299_1	174	174	63.615	0.365603	0.365603
ENST00000324194_1	96	96	229.898	2.39477	2.39477
ENST00000273480_1	156	156	44.306	0.284013	0.284013
ENST00000473835_1	219	219	1185.65	5.41394	5.41394
ENST00000357388_1	12	12	13.161	1.09675	1.09675
ENST00000429709_1	162	162	749.805	4.62843	4.62843
ENST00000602845_1	141	141	13.113	0.093	0.093
ENST00000241502_1	24	24	44.466	1.85275	1.85275
ENST00000301964_1	36	36	10.741	0.298361	0.298361
ENST00000245046_1	18	18	5.376	0.298667	0.298667
ENST00000429711_1	99	99	56.845	0.574192	0.574192
ENST00000396914_1	108	108	112.358	1.04035	1.04035
ENST00000488423_1	27	27	11.765	0.435741	0.435741
ENST00000296121_1	6	6	3.632	0.605333	0.605333
ENST00000296135_1	6	6	-0.733	-0.122167	-0.122167
ENST00000302506_1	204	204	8.302	0.0406961	0.0406961
ENST00000328631_1	9	9	8.507	0.945222	0.945222
ENST00000326739_1	48	48	114.778	2.39121	2.39121
ENST00000395443_1	144	144	494.241	3.43223	3.43223
ENST00000306125_1	75	75	116.11	1.54813	1.54813
ENST00000418115_1	162	162	1098.61	6.78157	6.78157
ENST00000294189_1	18	18	-10.597	-0.588722	-0.588722
ENST00000296490_1	30	30	59.386	1.97953	1.97953
ENST00000296292_1	48	48	-10.269	-0.213937	-0.213937
ENST00000462138_1	135	135	131.194	0.971807	0.971807
ENST00000610213_1	72	72	123.227	1.71149	1.71149
ENST00000495461_1	96	96	210.912	2.197	2.197
ENST00000303436_1	18	18	44.912	2.49511	2.49511
ENST00000311128_1	114	114	186.463	1.63564	1.63564
ENST00000295899_1	9	9	-14.481	-1.609	-1.609
ENST00000482016_1	93	93	608.077	6.53846	6.53846
ENST00000361309_1	9	9	23.667	2.62967	2.62967
ENST00000283290_1	39	39	102.08	2.61744	2.61744
ENST00000314400_1	18	18	3.655	0.203056	0.203056
ENST00000240922_1	15	15	43.83	2.922	2.922
ENST00000261070_1	24	24	60.394	2.51642	2.51642
ENST00000295633_1	213	213	572.171	2.68625	2.68625
ENST00000310864_1	39	39	31.486	0.807333	0.807333
ENST00000291458_1	66	66	80.461	1.21911	1.21911
ENST00000296255_1	69	69	-67.167	-0.973435	-0.973435
ENST00000422453_1	36	36	277.983	7.72175	7.72175
ENST00000333762_1	66	66	-43.803	-0.663682	-0.663682
ENST00000264995_1	57	57	-42.512	-0.745825	-0.745825
ENST00000354910_1	48	48	-25.072	-0.522333	-0.522333
ENST00000333188_1	6	6	-0.91	-0.151667	-0.151667
ENST00000282903_1	24	24	31.914	1.32975	1.32975
ENST00000473414_1	12	12	-2.905	-0.242083	-0.242083
ENST00000239940_1	72	72	501.144	6.96033	6.96033
ENST00000239944_1	9	9	40.822	4.53578	4.53578
ENST00000496811_1	108	108	96.452	0.893074	0.893074
ENST00000265044_1	63	63	41.454	0.658	0.658
ENST00000295830_1	42	42	23.352	0.556	0.556
ENST00000311417_1	15	15	-1.813	-0.120867	-0.120867
ENST00000476781_1	9	9	7.904	0.878222	0.878222
ENST00000292782_1	6	6	54.891	9.1485	9.1485
ENST00000338733_1	66	66	3.376	0.0511515	0.0511515
ENST00000296273_1	60	60	-45.245	-0.754083	-0.754083
ENST00000645319_1	6	6	1.856	0.309333	0.309333
ENST00000310380_1	84	84	-101.037	-1.20282	-1.20282
ENST00000360110_1	6	6	3.31	0.551667	0.551667
ENST00000431016_1	63	63	156.343	2.48163	2.48163
ENST00000313288_1	105	105	-99.106	-0.943867	-0.943867
ENST00000423729_1	213	213	147.565	0.692793	0.692793
ENST00000382581_1	159	159	281.302	1.76919	1.76919
ENST00000635031_1	69	69	-95.038	-1.37736	-1.37736
ENST00000237380_1	135	131	-91.688	-0.67917	-0.699908
ENST00000251496_1	105	105	153.77	1.46448	1.46448
ENST00000284440_1	156	156	36.773	0.235724	0.235724
ENST00000504986_1	12	12	18.304	1.52533	1.52533
ENST00000264312_1	60	60	136.814	2.28023	2.28023
ENST00000264228_1	51	51	9.875	0.193627	0.193627
ENST00000512576_1	84	84	37.412	0.445381	0.445381
ENST00000314595_1	30	28	4.554	0.1518	0.162643
ENST00000264893_1	48	48	365.924	7.62342	7.62342
ENST00000273920_1	57	57	-10.02	-0.175789	-0.175789
ENST00000264389_1	27	27	-4.365	-0.161667	-0.161667
ENST00000264350_1	90	73	-0.4	-0.00444445	-0.00547946
ENST00000672341_1	27	27	5.812	0.215259	0.215259
ENST00000309522_1	129	129	-45.428	-0.352155	-0.352155
ENST00000394667_1	51	51	31.463	0.616922	0.616922
ENST00000361564_1	78	78	113.599	1.4564	1.4564
ENST00000296464_1	24	24	3.842	0.160083	0.160083
ENST00000296543_1	27	27	152.739	5.657	5.657
ENST00000296577_1	51	51	136.194	2.67047	2.67047
ENST00000296581_1	60	60	49.552	0.825867	0.825867
ENST00000274065_1	18	18	31.489	1.74939	1.74939
ENST00000296504_1	15	15	32.746	2.18307	2.18307
ENST00000304312_1	39	39	-13.448	-0.34482	-0.34482
ENST00000489418_1	45	45	-12.997	-0.288822	-0.288822
ENST00000302787_1	78	78	-64.833	-0.831192	-0.831192
ENST00000320848_1	27	27	-23.641	-0.875593	-0.875593
ENST00000264954_1	87	87	-76.323	-0.877276	-0.877276
ENST00000499869_1	225	225	469.907	2.08848	2.08848
ENST00000336812_1	42	42	262.638	6.25329	6.25329
ENST00000454158_1	9	9	9.594	1.066	1.066
ENST00000264220_1	102	102	35.306	0.346137	0.346137
ENST00000322244_1	15	15	12.1	0.806667	0.806667
ENST00000264883_1	30	30	18.593	0.619767	0.619767
ENST00000264896_1	33	33	-3.41	-0.103333	-0.103333
ENST00000295470_1	63	63	196.105	3.11278	3.11278
ENST00000527353_1	9	9	-6.634	-0.737111	-0.737111
ENST00000450253_1	15	15	114.544	7.63627	7.63627
ENST00000296417_1	36	36	224.108	6.22522	6.22522
ENST00000453744_1	69	69	614.213	8.90164	8.90164
ENST00000296509_1	6	6	-7.082	-1.18033	-1.18033
ENST00000296511_1	114	114	-75.1	-0.658772	-0.658772
ENST00000264499_1	45	45	29.988	0.6664	0.6664
ENST00000296425_1	9	9	45.117	5.013	5.013
ENST00000280612_1	51	51	44.098	0.864667	0.864667
ENST00000394223_1	21	21	18.794	0.894952	0.894952
ENST00000379205_1	87	87	15.365	0.176609	0.176609
ENST00000505354_1	45	45	-66.285	-1.473	-1.473
ENST00000296503_1	15	15	36.199	2.41327	2.41327
ENST00000281453_1	30	30	-28.185	-0.9395	-0.9395
ENST00000264932_1	18	18	-3.118	-0.173222	-0.173222
ENST00000274137_1	132	114	-97.158	-0.736045	-0.852263
ENST00000274140_1	81	81	246.885	3.04796	3.04796
ENST00000322611_1	255	255	819.158	3.21238	3.21238
ENST00000265073_1	78	78	357.869	4.58806	4.58806
ENST00000274255_1	33	33	3.086	0.0935152	0.0935152
ENST00000381647_1	27	27	21.438	0.794	0.794
ENST00000296684_1	27	27	38.48	1.42519	1.42519
ENST00000510585_1	54	54	71.751	1.32872	1.32872
ENST00000380985_1	18	18	33.729	1.87383	1.87383
ENST00000334121_1	54	54	116.516	2.1577	2.1577
ENST00000256442_1	120	120	345.399	2.87833	2.87833
ENST00000256441_1	33	33	69.967	2.12021	2.12021
ENST00000396442_1	39	39	2.434	0.0624102	0.0624102
ENST00000380743_1	18	18	13.473	0.7485	0.7485
ENST00000380707_1	18	18	13.342	0.741222	0.741222
ENST00000261416_1	78	78	62.425	0.800321	0.800321
ENST00000610426_1	18	18	7.715	0.428611	0.428611
ENST00000287936_1	18	18	0.809	0.0449445	0.0449445
ENST00000247655_1	24	24	13.867	0.577792	0.577792
ENST00000355943_1	24	24	17.921	0.746708	0.746708
ENST00000389063_1	93	93	278.887	2.99878	2.99878
ENST00000274458_1	57	57	83.824	1.4706	1.4706
ENST00000510025_1	243	243	359.315	1.47866	1.47866
ENST00000379516_1	6	6	19.204	3.20067	3.20067
ENST00000296666_1	24	24	-15.599	-0.649958	-0.649958
ENST00000173527_1	9	9	1.542	0.171333	0.171333
ENST00000640655_1	198	198	60.654	0.306333	0.306333
ENST00000378823_1	198	198	60.654	0.306333	0.306333
ENST00000304858_1	45	45	317.775	7.06167	7.06167
ENST00000452510_1	39	39	81.258	2.08354	2.08354
ENST00000394976_1	162	162	343.916	2.12294	2.12294
ENST00000302763_1	123	123	57.679	0.468935	0.468935
ENST00000265192_1	30	30	250.684	8.35613	8.35613
ENST00000398733_1	33	33	234.968	7.12024	7.12024
ENST00000331327_1	9	9	48.839	5.42656	5.42656
ENST00000261811_1	87	87	88.052	1.01209	1.01209
ENST00000274712_1	21	21	36.502	1.73819	1.73819
ENST00000394520_1	84	84	172.499	2.05356	2.05356
ENST00000329271_1	69	69	154.332	2.2367	2.2367
ENST00000356245_1	54	54	71.11	1.31685	1.31685
ENST00000522782_1	15	14	-0.184	-0.0122667	-0.0131428
ENST00000231198_1	81	81	-4.664	-0.0575802	-0.0575802
ENST00000296786_1	36	36	72.906	2.02517	2.02517
ENST00000231238_1	9	9	21.47	2.38556	2.38556
ENST00000352433_1	9	9	11.432	1.27022	1.27022
ENST00000340828_1	33	33	34.606	1.04867	1.04867
ENST00000321757_1	36	36	20.482	0.568944	0.568944
ENST00000296930_1	84	84	490.348	5.83748	5.83748
ENST00000321442_1	51	51	-31.368	-0.615059	-0.615059
ENST00000261942_1	39	39	52.876	1.35579	1.35579
ENST00000332598_1	144	144	203.869	1.41576	1.41576
ENST00000358344_1	57	57	235.63	4.13386	4.13386
ENST00000247461_1	84	84	277.968	3.30914	3.30914
ENST00000389805_1	45	45	-13.477	-0.299489	-0.299489
ENST00000320895_1	48	48	-44.63	-0.929792	-0.929792
ENST00000283415_1	54	54	-89.531	-1.65798	-1.65798
ENST00000255764_1	51	51	-20.729	-0.406451	-0.406451
ENST00000264670_1	102	102	-91.84	-0.900392	-0.900392
ENST00000308683_1	54	54	-66.618	-1.23367	-1.23367
ENST00000453190_1	165	165	190.963	1.15735	1.15735
ENST00000196371_1	60	60	35.995	0.599917	0.599917
ENST00000325110_1	12	12	2.934	0.2445	0.2445
ENST00000396954_1	54	54	15.82	0.292963	0.292963
ENST00000380822_1	21	21	7.25	0.345238	0.345238
ENST00000380377_1	33	33	70.611	2.13973	2.13973
ENST00000439211_1	18	18	7.436	0.413111	0.413111
ENST00000615665_1	156	156	708.842	4.54386	4.54386
ENST00000296674_1	24	24	5.062	0.210917	0.210917
ENST00000502346_1	39	39	39.861	1.02208	1.02208
ENST00000296591_1	60	60	56.678	0.944633	0.944633
ENST00000315948_1	54	54	1.306	0.0241852	0.0241852
ENST00000361189_1	57	57	144.189	2.52963	2.52963
ENST00000379638_1	54	54	26.904	0.498222	0.498222
ENST00000456936_1	18	18	29.903	1.66128	1.66128
ENST00000509910_1	72	72	57.401	0.797236	0.797236
ENST00000306442_1	183	164	21.625	0.118169	0.13186
ENST00000409134_1	15	15	-5.796	-0.3864	-0.3864
ENST00000360568_1	51	51	32.062	0.628667	0.628667
ENST00000265343_1	72	72	490.41	6.81125	6.81125
ENST00000231512_1	15	15	55.801	3.72007	3.72007
ENST00000265333_1	63	63	392.977	6.23773	6.23773
ENST00000481195_1	192	192	1324.55	6.89872	6.89872
ENST00000402673_1	54	54	43.726	0.809741	0.809741
ENST00000511689_1	12	12	8.845	0.737083	0.737083
ENST00000314940_1	12	2	0.928	0.0773333	0.464
ENST00000394886_1	30	30	41.167	1.37223	1.37223
ENST00000360541_1	126	126	872.213	6.92233	6.92233
ENST00000252102_1	12	12	20.861	1.73842	1.73842
ENST00000504156_1	222	222	215.943	0.972716	0.972716
ENST00000311337_1	33	33	-0.349	-0.0105758	-0.0105758
ENST00000274496_1	54	54	122.731	2.2728	2.2728
ENST00000199814_1	45	45	43.84	0.974222	0.974222
ENST00000447998_1	45	45	17.595	0.391	0.391
ENST00000354546_1	69	69	30.992	0.449159	0.449159
ENST00000313115_1	54	54	7.621	0.14113	0.14113
ENST00000411809_1	24	24	71.804	2.99183	2.99183
ENST00000239231_1	99	99	180.61	1.82434	1.82434
ENST00000517395_1	72	72	424.268	5.89261	5.89261
ENST00000265087_1	81	81	274.731	3.39174	3.39174
ENST00000265097_1	54	54	-53.872	-0.99763	-0.99763
ENST00000393565_1	18	18	14.473	0.804056	0.804056
ENST00000512805_1	27	27	39.093	1.44789	1.44789
ENST00000645831_1	111	111	152.712	1.37578	1.37578
ENST00000380773_1	63	63	19.283	0.306079	0.306079
ENST00000438998_1	27	27	21.826	0.80837	0.80837
ENST00000379802_1	45	45	19.431	0.4318	0.4318
ENST00000416247_1	21	21	-15.21	-0.724286	-0.724286
ENST00000451315_1	15	15	24.092	1.60613	1.60613
ENST00000378700_1	30	30	145.856	4.86187	4.86187
ENST00000346618_1	15	15	31.767	2.1178	2.1178
ENST00000244745_1	93	70	43.061	0.463022	0.615157
ENST00000230056_1	24	24	-3.277	-0.136542	-0.136542
ENST00000613854_1	18	18	-40.441	-2.24672	-2.24672
ENST00000617569_1	9	9	-41.085	-4.565	-4.565
ENST00000377803_1	6	6	-3.218	-0.536333	-0.536333
ENST00000356530_1	6	6	-5.412	-0.902	-0.902
ENST00000377459_1	15	15	-34.98	-2.332	-2.332
ENST00000230582_1	171	171	-67.568	-0.395135	-0.395135
ENST00000685041_1	18	18	-63.011	-3.50061	-3.50061
ENST00000360323_1	33	33	-273.918	-8.30055	-8.30055
ENST00000376809_1	24	24	-172.071	-7.16962	-7.16962
ENST00000332435_1	48	48	6.453	0.134437	0.134437
ENST00000326195_1	75	75	-24.312	-0.32416	-0.32416
ENST00000252229_1	78	78	-185.219	-2.3746	-2.3746
ENST00000375882_1	81	81	170.139	2.10048	2.10048
ENST00000375651_1	57	45	-69.343	-1.21654	-1.54096
ENST00000375650_1	117	117	-209.755	-1.79278	-1.79278
ENST00000375094_1	111	111	265.617	2.39295	2.39295
ENST00000311487_1	198	190	171.086	0.864071	0.900453
ENST00000244741_1	72	72	-23.255	-0.322986	-0.322986
ENST00000398881_1	96	96	146.324	1.52421	1.52421
ENST00000230340_1	66	66	11.014	0.166879	0.166879
ENST00000493763_1	21	21	38.907	1.85271	1.85271
ENST00000372836_1	270	270	-125.263	-0.463937	-0.463937
ENST00000485511_1	225	225	555.249	2.46777	2.46777
ENST00000244496_1	135	135	35.325	0.261667	0.261667
ENST00000230419_1	66	66	139.47	2.11318	2.11318
ENST00000372171_1	15	15	3.137	0.209133	0.209133
ENST00000371755_1	72	72	16.97	0.235694	0.235694
ENST00000371646_1	15	15	14.92	0.994667	0.994667
ENST00000211314_1	24	24	8.425	0.351042	0.351042
ENST00000615550_1	12	12	-2.012	-0.167667	-0.167667
ENST00000370659_1	102	102	111.576	1.09388	1.09388
ENST00000370455_1	51	51	84.994	1.66655	1.66655
ENST00000447266_1	39	39	26.037	0.667615	0.667615
ENST00000336032_1	222	222	893.502	4.02478	4.02478
ENST00000369278_1	9	9	3.813	0.423667	0.423667
ENST00000329970_1	66	66	80.519	1.21998	1.21998
ENST00000612661_1	18	18	3.419	0.189944	0.189944
ENST00000466444_1	30	30	24.301	0.810033	0.810033
ENST00000229595_1	108	108	648.915	6.00847	6.00847
ENST00000368455_1	87	87	533.128	6.12791	6.12791
ENST00000368328_1	51	51	94.576	1.85443	1.85443
ENST00000617445_1	12	12	5.381	0.448417	0.448417
ENST00000367576_1	108	108	-0.407	-0.00376852	-0.00376852
ENST00000402676_1	48	48	60.305	1.25635	1.25635
ENST00000367294_1	117	117	-65.622	-0.560872	-0.560872
ENST00000684151_1	63	63	-32.031	-0.508429	-0.508429
ENST00000367048_1	9	9	-7.212	-0.801333	-0.801333
ENST00000367034_1	30	30	-5.16	-0.172	-0.172
ENST00000361752_1	15	15	122.457	8.1638	8.1638
ENST00000366847_1	27	27	-21.381	-0.791889	-0.791889
ENST00000683244_1	60	60	-23.531	-0.392183	-0.392183
ENST00000392092_1	51	51	3.59	0.0703922	0.0703922
ENST00000380118_1	78	78	-158.796	-2.03585	-2.03585
ENST00000380051_1	195	195	-110.794	-0.568174	-0.568174
ENST00000330636_1	63	63	31.826	0.505175	0.505175
ENST00000244763_1	45	45	187.444	4.16542	4.16542
ENST00000379757_1	117	117	-150.933	-1.29003	-1.29003
ENST00000397457_1	210	210	98.174	0.467495	0.467495
ENST00000379715_1	84	84	36.27	0.431786	0.431786
ENST00000621411_1	6	6	-18.159	-3.0265	-3.0265
ENST00000343677_1	18	18	-32.193	-1.7885	-1.7885
ENST00000541790_1	12	12	-52.604	-4.38367	-4.38367
ENST00000244534_1	24	24	-81.373	-3.39054	-3.39054
ENST00000376406_1	39	39	15.726	0.403231	0.403231
ENST00000376389_1	33	33	-19.415	-0.588333	-0.588333
ENST00000376228_1	123	123	-808.304	-6.57158	-6.57158
ENST00000396172_1	153	153	266.456	1.74154	1.74154
ENST00000676615_1	72	72	270.001	3.75001	3.75001
ENST00000375784_1	153	153	104.364	0.682118	0.682118
ENST00000375631_1	87	87	-34.547	-0.397092	-0.397092
ENST00000375429_1	129	129	442.495	3.43019	3.43019
ENST00000375203_1	24	24	22.011	0.917125	0.917125
ENST00000374897_1	51	51	48.454	0.950078	0.950078
ENST00000374542_1	69	69	60.217	0.87271	0.87271
ENST00000488034_1	66	66	6.317	0.0957121	0.0957121
ENST00000374467_1	51	51	59.346	1.16365	1.16365
ENST00000607016_1	45	45	109.894	2.44209	2.44209
ENST00000639725_1	45	45	109.894	2.44209	2.44209
ENST00000361288_1	12	12	7.406	0.617167	0.617167
ENST00000357266_1	90	90	256.978	2.85531	2.85531
ENST00000373699_1	30	30	-3.823	-0.127433	-0.127433
ENST00000373627_1	54	54	44.452	0.823185	0.823185
ENST00000373408_1	48	48	4.155	0.0865625	0.0865625
ENST00000373365_1	240	240	242.581	1.01075	1.01075
ENST00000053468_1	27	27	-15.102	-0.559333	-0.559333
ENST00000230431_1	66	66	25.026	0.379182	0.379182
ENST00000372014_1	279	279	-32.323	-0.115853	-0.115853
ENST00000596288_1	114	114	-22.68	-0.198947	-0.198947
ENST00000304434_1	93	93	233.016	2.50555	2.50555
ENST00000309268_1	198	198	948.093	4.78835	4.78835
ENST00000230461_1	60	60	319.556	5.32593	5.32593
ENST00000344726_1	24	24	81.289	3.38704	3.38704
ENST00000369329_1	24	24	81.538	3.39742	3.39742
ENST00000652536_1	129	129	166.906	1.29384	1.29384
ENST00000369002_1	12	12	11.296	0.941333	0.941333
ENST00000193322_1	138	138	146.811	1.06385	1.06385
ENST00000230085_1	42	42	55.925	1.33155	1.33155
ENST00000436639_1	69	69	130.063	1.88497	1.88497
ENST00000310786_1	18	18	37.215	2.0675	2.0675
ENST00000392589_1	84	84	408.835	4.86708	4.86708
ENST00000519065_1	6	6	16.874	2.81233	2.81233
ENST00000368608_1	198	198	46.759	0.236157	0.236157
ENST00000368576_1	66	66	66.123	1.00186	1.00186
ENST00000339697_1	18	18	30.672	1.704	1.704
ENST00000337057_1	39	39	75.637	1.93941	1.93941
ENST00000275227_1	54	54	-24.161	-0.447426	-0.447426
ENST00000531224_1	9	9	23.255	2.58389	2.58389
ENST00000421351_1	111	111	24.245	0.218423	0.218423
ENST00000367651_1	57	57	177.953	3.12198	3.12198
ENST00000002165_1	102	102	-35.367	-0.346735	-0.346735
ENST00000367569_1	159	159	-66.198	-0.41634	-0.41634
ENST00000253329_1	21	21	-4.995	-0.237857	-0.237857
ENST00000367339_1	33	33	-195.63	-5.92818	-5.92818
ENST00000367089_1	147	147	12.735	0.0866327	0.0866327
ENST00000538183_1	39	39	-41.899	-1.07433	-1.07433
ENST00000321394_1	54	54	83.935	1.55435	1.55435
ENST00000361731_1	99	99	-76.864	-0.776404	-0.776404
ENST00000360961_1	78	78	-42.804	-0.548769	-0.548769
ENST00000444122_1	48	48	22.297	0.464521	0.464521
ENST00000339209_1	12	12	15.817	1.31808	1.31808
ENST00000262193_1	96	96	-18.26	-0.190208	-0.190208
ENST00000297440_1	42	42	-60.202	-1.43338	-1.43338
ENST00000265857_1	102	102	10.074	0.0987647	0.0987647
ENST00000360876_1	180	180	-43.649	-0.242494	-0.242494
ENST00000382361_1	297	297	229.259	0.771916	0.771916
ENST00000325974_1	30	30	-38.47	-1.28233	-1.28233
ENST00000396668_1	207	207	244.044	1.17896	1.17896
ENST00000396386_1	57	57	178.068	3.124	3.124
ENST00000396319_1	21	21	14.817	0.705571	0.705571
ENST00000389266_1	12	12	5.824	0.485333	0.485333
ENST00000350320_1	12	12	21.892	1.82433	1.82433
ENST00000448521_1	6	6	-4.114	-0.685667	-0.685667
ENST00000275603_1	30	30	14.643	0.4881	0.4881
ENST00000360768_1	150	150	424.452	2.82968	2.82968
ENST00000395326_1	30	30	-22.829	-0.760967	-0.760967
ENST00000434423_1	63	63	23.63	0.375079	0.375079
ENST00000573035_1	90	90	391.814	4.35349	4.35349
ENST00000315758_1	30	30	0.707001	0.0235667	0.0235667
ENST00000432641_1	39	39	12.341	0.316436	0.316436
ENST00000262942_1	6	6	23.899	3.98317	3.98317
ENST00000292476_1	60	60	90.419	1.50698	1.50698
ENST00000303904_1	21	21	44.609	2.12424	2.12424
ENST00000303210_1	300	300	1180.24	3.93413	3.93413
ENST00000337619_1	285	285	370.44	1.29979	1.29979
ENST00000292644_1	21	21	8.788	0.418476	0.418476
ENST00000205402_1	51	51	98.654	1.93439	1.93439
ENST00000249356_1	21	21	5.928	0.282286	0.282286
ENST00000358204_1	105	105	151.481	1.44268	1.44268
ENST00000222693_1	57	57	42.831	0.751421	0.751421
ENST00000249364_1	33	33	139.116	4.21564	4.21564
ENST00000352689_1	72	72	91.68	1.27333	1.27333
ENST00000253861_1	81	81	-59.525	-0.734877	-0.734877
ENST00000361675_1	60	60	183.473	3.05788	3.05788
ENST00000541515_1	60	60	170.077	2.83462	2.83462
ENST00000354926_1	60	60	170.077	2.83462	2.83462
ENST00000247866_1	90	90	100.577	1.11752	1.11752
ENST00000310447_1	255	255	-2.67	-0.0104706	-0.0104706
ENST00000322764_1	99	99	24.624	0.248727	0.248727
ENST00000325222_1	27	27	14.354	0.53163	0.53163
ENST00000288607_1	186	186	-169.692	-0.912323	-0.912323
ENST00000646664_1	243	243	841.649	3.46358	3.46358
ENST00000316731_1	30	30	-33.294	-1.1098	-1.1098
ENST00000305786_1	102	102	306.475	3.00466	3.00466
ENST00000618183_1	39	39	298.543	7.65495	7.65495
ENST00000265394_1	42	42	7.328	0.174476	0.174476
ENST00000242059_1	120	120	302.328	2.5194	2.5194
ENST00000222803_1	156	156	143.27	0.918397	0.918397
ENST00000450169_1	24	24	26.834	1.11808	1.11808
ENST00000638088_1	96	96	141.714	1.47619	1.47619
ENST00000223321_1	6	6	2.057	0.342833	0.342833
ENST00000677581_1	6	6	2.057	0.342833	0.342833
ENST00000223336_1	165	165	-37.643	-0.228139	-0.228139
ENST00000317534_1	30	30	-22.623	-0.7541	-0.7541
ENST00000457408_1	105	105	117.737	1.1213	1.1213
ENST00000308153_1	96	96	149.113	1.55326	1.55326
ENST00000401949_1	147	147	84.756	0.576571	0.576571
ENST00000275605_1	117	117	62.033	0.530197	0.530197
ENST00000395422_1	57	57	56.634	0.993579	0.993579
ENST00000329309_1	144	142	173.24	1.20306	1.22
ENST00000282869_1	252	252	-3337.59	-13.2444	-13.2444
ENST00000246868_1	33	33	22.553	0.683424	0.683424
ENST00000305632_1	162	162	87.492	0.540074	0.540074
ENST00000055077_1	21	21	-29.078	-1.38467	-1.38467
ENST00000615331_1	63	63	76.578	1.21552	1.21552
ENST00000265729_1	147	147	86.644	0.589415	0.589415
ENST00000003100_1	90	90	40.747	0.452744	0.452744
ENST00000692281_1	90	90	40.747	0.452744	0.452744
ENST00000222547_1	9	9	13.702	1.52244	1.52244
ENST00000248566_1	24	24	34.41	1.43375	1.43375
ENST00000350498_1	207	207	568.26	2.74522	2.74522
ENST00000292475_1	81	81	20.869	0.257642	0.257642
ENST00000303887_1	69	69	-40.307	-0.584159	-0.584159
ENST00000223136_1	111	111	-13.26	-0.119459	-0.119459
ENST00000292614_1	30	30	-12.846	-0.4282	-0.4282
ENST00000455385_1	45	45	63.699	1.41553	1.41553
ENST00000222553_1	9	9	13.705	1.52278	1.52278
ENST00000397764_1	6	6	5.763	0.9605	0.9605
ENST00000359943_1	21	21	-22.267	-1.06033	-1.06033
ENST00000265388_1	204	204	1061.96	5.20569	5.20569
ENST00000397622_1	42	42	53.782	1.28052	1.28052
ENST00000425248_1	60	60	68.335	1.13892	1.13892
ENST00000393085_1	33	33	77.725	2.3553	2.3553
ENST00000242351_1	9	9	-4.527	-0.503	-0.503
ENST00000320356_1	96	96	365.416	3.80642	3.80642
ENST00000485972_1	168	168	301.678	1.7957	1.7957
ENST00000222388_1	9	9	23.797	2.64411	2.64411
ENST00000287844_1	54	54	103.048	1.9083	1.9083
ENST00000353442_1	141	141	-43.123	-0.305837	-0.305837
ENST00000356309_1	42	42	11.201	0.26669	0.26669
ENST00000275418_1	132	132	109.396	0.828758	0.828758
ENST00000397977_1	66	66	-51.334	-0.777788	-0.777788
ENST00000252512_1	138	138	530.05	3.84094	3.84094
ENST00000397677_1	69	69	258.052	3.73988	3.73988
ENST00000380737_1	15	15	71.559	4.7706	4.7706
ENST00000380629_1	39	39	95.517	2.44915	2.44915
ENST00000321250_1	144	144	246.871	1.71438	1.71438
ENST00000360128_1	174	174	86.144	0.49508	0.49508
ENST00000343823_1	39	39	30.666	0.786308	0.786308
ENST00000357743_1	150	150	664.186	4.42791	4.42791
ENST00000022615_1	72	72	308.033	4.27824	4.27824
ENST00000649973_1	96	95	-64.79	-0.674896	-0.682
ENST00000260102_1	51	51	-8.089	-0.158608	-0.158608
ENST00000355315_1	27	27	59.051	2.18707	2.18707
ENST00000260130_1	75	75	76.681	1.02241	1.02241
ENST00000539294_1	36	36	202.076	5.61322	5.61322
ENST00000276603_1	12	12	4.19	0.349167	0.349167
ENST00000285379_1	57	57	-26.911	-0.472123	-0.472123
ENST00000517490_1	102	102	16.709	0.163814	0.163814
ENST00000521545_1	36	36	-38.431	-1.06753	-1.06753
ENST00000612750_1	51	51	23.799	0.466647	0.466647
ENST00000521688_1	6	6	30.894	5.149	5.149
ENST00000265896_1	6	6	5.167	0.861167	0.861167
ENST00000292494_1	213	213	-72.777	-0.341676	-0.341676
ENST00000318911_1	84	84	52.381	0.623583	0.623583
ENST00000528838_1	111	111	1.792	0.0161442	0.0161442
ENST00000400156_1	150	148	-1194.61	-7.96405	-8.07168
ENST00000361272_1	171	171	672.199	3.93099	3.93099
ENST00000306306_1	120	120	21.089	0.175742	0.175742
ENST00000276431_1	6	6	-7.075	-1.17917	-1.17917
ENST00000316403_1	219	219	-0.819001	-0.00373973	-0.00373973
ENST00000301905_1	36	36	13.792	0.383111	0.383111
ENST00000256255_1	159	159	209.655	1.31858	1.31858
ENST00000221130_1	39	39	-12.615	-0.323462	-0.323462
ENST00000256257_1	93	93	6.417	0.069	0.069
ENST00000009589_1	36	36	59.539	1.65386	1.65386
ENST00000379454_1	123	123	38.704	0.314667	0.314667
ENST00000260118_1	18	18	6.966	0.387	0.387
ENST00000357849_1	27	27	65.611	2.43004	2.43004
ENST00000262213_1	15	15	32.597	2.17313	2.17313
ENST00000358757_1	54	54	16.826	0.311593	0.311593
ENST00000256108_1	96	96	-28.532	-0.297208	-0.297208
ENST00000619594_1	45	45	46.074	1.02387	1.02387
ENST00000287025_1	57	57	86.319	1.51437	1.51437
ENST00000520468_1	54	54	84.899	1.5722	1.5722
ENST00000318607_1	6	6	28.353	4.7255	4.7255
ENST00000395958_1	33	33	212.536	6.44048	6.44048
ENST00000337198_1	81	81	370.845	4.57833	4.57833
ENST00000521861_1	42	42	34.471	0.820738	0.820738
ENST00000297338_1	30	30	67.983	2.2661	2.2661
ENST00000313655_1	42	42	23.277	0.554214	0.554214
ENST00000259512_1	141	141	347.438	2.4641	2.4641
ENST00000618139_1	33	33	-16.218	-0.491455	-0.491455
ENST00000301305_1	27	27	-18.514	-0.685704	-0.685704
ENST00000528957_1	6	6	-4.059	-0.6765	-0.6765
ENST00000380527_1	153	148	179.96	1.17621	1.21595
ENST00000223500_1	195	195	410.264	2.10392	2.10392
ENST00000263228_1	177	177	851.511	4.8108	4.8108
ENST00000297661_1	162	162	308.855	1.90651	1.90651
ENST00000353704_1	6	6	2.025	0.3375	0.3375
ENST00000345519_1	117	117	611.062	5.22275	5.22275
ENST00000318158_1	69	69	-23.234	-0.336725	-0.336725
ENST00000377798_1	84	84	14.368	0.171048	0.171048
ENST00000377698_1	54	54	-26.347	-0.487907	-0.487907
ENST00000257497_1	12	12	4.56	0.38	0.38
ENST00000343150_1	15	15	-78.371	-5.22473	-5.22473
ENST00000223641_1	27	27	104.609	3.87441	3.87441
ENST00000358015_1	186	186	1142.8	6.14409	6.14409
ENST00000374294_1	132	132	191.15	1.44811	1.44811
ENST00000374212_1	57	57	118.308	2.07558	2.07558
ENST00000374198_1	72	72	84.099	1.16804	1.16804
ENST00000374050_1	87	87	52	0.597701	0.597701
ENST00000418976_1	273	273	-1.945	-0.00712454	-0.00712454
ENST00000372577_1	153	146	-51.918	-0.339333	-0.355603
ENST00000393370_1	192	192	191.433	0.997047	0.997047
ENST00000347136_1	15	15	-31.471	-2.09807	-2.09807
ENST00000319725_1	117	117	337.688	2.88622	2.88622
ENST00000372097_1	126	126	-80.999	-0.642849	-0.642849
ENST00000371717_1	18	18	-20.002	-1.11122	-1.11122
ENST00000371692_1	90	89	-124.594	-1.38438	-1.39993
ENST00000311502_1	291	281	89.38	0.307148	0.318078
ENST00000371625_1	42	42	6.99	0.166429	0.166429
ENST00000343053_1	237	237	-334.764	-1.41251	-1.41251
ENST00000380394_1	21	21	44.653	2.12633	2.12633
ENST00000304494_1	39	39	-16.275	-0.417308	-0.417308
ENST00000276925_1	213	213	-9.22	-0.0432864	-0.0432864
ENST00000397149_1	18	18	9.656	0.536444	0.536444
ENST00000379731_1	105	105	271.565	2.58633	2.58633
ENST00000378959_1	216	216	106.459	0.492866	0.492866
ENST00000259632_1	135	135	101.891	0.754748	0.754748
ENST00000277010_1	192	192	317.699	1.65468	1.65468
ENST00000358901_1	24	24	51.656	2.15233	2.15233
ENST00000356493_1	168	168	477.801	2.84405	2.84405
ENST00000259667_1	69	69	55.932	0.810609	0.810609
ENST00000376854_1	36	36	17.228	0.478556	0.478556
ENST00000376447_1	24	24	-53.278	-2.21992	-2.21992
ENST00000376395_1	60	60	473.503	7.89172	7.89172
ENST00000376263_1	57	57	505.874	8.87498	8.87498
ENST00000262554_1	81	81	-61.185	-0.75537	-0.75537
ENST00000443024_1	39	39	-12.508	-0.320718	-0.320718
ENST00000375234_1	66	66	-20.917	-0.316924	-0.316924
ENST00000325551_1	66	66	84.733	1.28383	1.28383
ENST00000374586_1	93	93	80.98	0.870753	0.870753
ENST00000374541_1	261	261	545.094	2.08848	2.08848
ENST00000374517_1	21	21	43.923	2.09157	2.09157
ENST00000374257_1	24	24	89.117	3.71321	3.71321
ENST00000374171_1	93	93	-0.333	-0.00358065	-0.00358065
ENST00000608872_1	84	84	260.741	3.10406	3.10406
ENST00000259467_1	21	21	5.264	0.250667	0.250667
ENST00000259457_1	60	60	-44.02	-0.733667	-0.733667
ENST00000361436_1	24	24	41.328	1.722	1.722
ENST00000292035_1	243	243	-174.505	-0.718128	-0.718128
ENST00000371989_1	117	117	163.444	1.39696	1.39696
ENST00000371942_1	141	141	-190.059	-1.34794	-1.34794
ENST00000371738_1	93	93	-49.309	-0.530204	-0.530204
ENST00000371696_1	261	256	-112.839	-0.432333	-0.440777
ENST00000356628_1	189	189	236.506	1.25135	1.25135
ENST00000298585_1	237	237	294.485	1.24255	1.24255
ENST00000380762_1	27	27	18.545	0.686852	0.686852
ENST00000380668_1	36	36	1.538	0.0427222	0.0427222
ENST00000451311_1	84	84	493.437	5.87425	5.87425
ENST00000464506_1	15	15	-4.653	-0.3102	-0.3102
ENST00000380155_1	15	15	14.866	0.991067	0.991067
ENST00000380122_1	12	12	17.257	1.43808	1.43808
ENST00000422285_1	63	63	14.631	0.232238	0.232238
ENST00000404933_1	36	36	50.168	1.39356	1.39356
ENST00000379341_1	42	42	115.426	2.74824	2.74824
ENST00000253039_1	18	18	39.666	2.20367	2.20367
ENST00000427190_1	45	45	81.608	1.81351	1.81351
ENST00000636580_1	54	54	86.568	1.60311	1.60311
ENST00000378308_1	15	15	44.822	2.98813	2.98813
ENST00000644876_1	81	81	508.773	6.28115	6.28115
ENST00000335972_1	18	18	2.663	0.147944	0.147944
ENST00000377107_1	120	120	25.732	0.214433	0.214433
ENST00000377045_1	129	129	212.572	1.64784	1.64784
ENST00000218388_1	81	81	76.508	0.944543	0.944543
ENST00000495186_1	180	180	128.467	0.713706	0.713706
ENST00000376327_1	117	117	117.192	1.00164	1.00164
ENST00000326587_1	30	30	56.281	1.87603	1.87603
ENST00000338222_1	42	42	225.343	5.36531	5.36531
ENST00000374922_1	24	24	29.609	1.23371	1.23371
ENST00000356413_1	174	174	104.581	0.60104	0.60104
ENST00000373669_1	18	18	35.352	1.964	1.964
ENST00000650309_1	18	18	33.083	1.83794	1.83794
ENST00000373316_1	18	18	39.441	2.19117	2.19117
ENST00000373173_1	90	90	146.349	1.6261	1.6261
ENST00000553110_1	36	36	62.399	1.73331	1.73331
ENST00000316594_1	18	18	11.591	0.643944	0.643944
ENST00000471229_1	21	21	40.147	1.91176	1.91176
ENST00000372780_1	48	48	-167.789	-3.4956	-3.4956
ENST00000372695_1	153	153	-165.377	-1.0809	-1.0809
ENST00000372661_1	21	21	14.949	0.711857	0.711857
ENST00000361298_1	33	33	38.028	1.15236	1.15236
ENST00000472484_1	48	48	-3.241	-0.0675208	-0.0675208
ENST00000372548_1	48	48	52.469	1.0931	1.0931
ENST00000355899_1	18	18	21.829	1.21272	1.21272
ENST00000310164_1	24	24	3.801	0.158375	0.158375
ENST00000217971_1	51	51	302.372	5.92886	5.92886
ENST00000371558_1	48	48	116.759	2.43248	2.43248
ENST00000371437_1	60	60	73.819	1.23032	1.23032
ENST00000371317_1	27	27	70.468	2.60993	2.60993
ENST00000328078_1	15	15	-24.633	-1.6422	-1.6422
ENST00000371113_1	27	27	40.577	1.50285	1.50285
ENST00000370803_1	33	33	274.812	8.32764	8.32764
ENST00000370683_1	156	156	371.266	2.37991	2.37991
ENST00000218364_1	21	21	36.933	1.75871	1.75871
ENST00000370475_1	9	9	27.29	3.03222	3.03222
ENST00000393985_1	51	51	-79.93	-1.56725	-1.56725
ENST00000325307_1	27	27	78.82	2.91926	2.91926
ENST00000330374_1	75	75	75.432	1.00576	1.00576
ENST00000370274_1	66	66	-47.305	-0.716742	-0.716742
ENST00000369842_1	12	12	26.448	2.204	2.204
ENST00000447750_1	105	105	131.804	1.25528	1.25528
ENST00000369550_1	96	96	49.787	0.518615	0.518615
ENST00000286428_1	48	48	94.801	1.97502	1.97502
ENST00000326153_1	153	153	-198.106	-1.29481	-1.29481
ENST00000652001_1	228	222	-208.298	-0.913588	-0.938279
ENST00000672987_1	75	75	476.507	6.35343	6.35343
ENST00000380087_1	45	45	159.065	3.53478	3.53478
ENST00000379607_1	96	96	219.879	2.29041	2.29041
ENST00000275954_1	9	9	11.269	1.25211	1.25211
ENST00000378578_1	36	36	49.307	1.36964	1.36964
ENST00000378444_1	102	102	537.551	5.27011	5.27011
ENST00000378045_1	114	114	109.95	0.964474	0.964474
ENST00000377811_1	60	60	42.083	0.701383	0.701383
ENST00000696123_1	123	123	380.29	3.09179	3.09179
ENST00000553851_1	87	87	81.146	0.932713	0.932713
ENST00000376358_1	87	87	81.146	0.932713	0.932713
ENST00000375992_1	48	48	-1.815	-0.0378125	-0.0378125
ENST00000322213_1	132	132	280.579	2.1256	2.1256
ENST00000168216_1	84	84	47.481	0.56525	0.56525
ENST00000239666_1	168	152	216.159	1.28666	1.4221
ENST00000316084_1	39	39	6.42	0.164615	0.164615
ENST00000651998_1	30	30	62.394	2.0798	2.0798
ENST00000332687_1	27	27	51.753	1.91678	1.91678
ENST00000618282_1	21	21	25.193	1.19967	1.19967
ENST00000458128_1	87	87	16.537	0.19008	0.19008
ENST00000373020_1	48	48	49.549	1.03227	1.03227
ENST00000372728_1	66	66	-167.871	-2.5435	-2.5435
ENST00000372685_1	60	60	66.379	1.10632	1.10632
ENST00000372677_1	129	129	9.954	0.0771628	0.0771628
ENST00000441076_1	72	72	261.354	3.62992	3.62992
ENST00000372383_1	243	243	1445.13	5.94705	5.94705
ENST00000217958_1	150	150	148.024	0.986827	0.986827
ENST00000276201_1	36	36	124.416	3.456	3.456
ENST00000371322_1	54	54	189.757	3.51402	3.51402
ENST00000304661_1	159	151	182.181	1.14579	1.2065
ENST00000245838_1	69	69	297.194	4.30716	4.30716
ENST00000370833_1	45	45	69.838	1.55196	1.55196
ENST00000370818_1	57	57	93.546	1.64116	1.64116
ENST00000370775_1	69	69	-24.639	-0.357087	-0.357087
ENST00000315930_1	66	66	420.262	6.36761	6.36761
ENST00000682941_1	66	66	367.428	5.56709	5.56709
ENST00000370406_1	93	93	-280.58	-3.01699	-3.01699
ENST00000345046_1	267	267	106.029	0.397112	0.397112
ENST00000464845_1	78	78	111.996	1.43585	1.43585
ENST00000369980_1	234	234	74.403	0.317962	0.317962
ENST00000369850_1	243	243	225.802	0.929226	0.929226
ENST00000369660_1	57	57	114.343	2.00602	2.00602
ENST00000447601_1	144	136	-48.469	-0.33659	-0.35639
