ENST00000378536	448	448	1974.27	4.40685	4.40685
ENST00000642557	234	234	-168.785	-0.721303	-0.721303
ENST00000377898	78	78	202.572	2.59708	2.59708
ENST00000377049	193	193	62.255	0.322565	0.322565
ENST00000196061	63	63	45.377	0.72027	0.72027
ENST00000375766	264	264	13.374	0.0506591	0.0506591
ENST00000420770	758	753	1002.5	1.32256	1.33134
ENST00000400181	129	129	164.957	1.27874	1.27874
ENST00000246151	98	98	10.459	0.106724	0.106724
ENST00000374332	1007	1007	1275.59	1.26672	1.26672
ENST00000321265	106	106	93.536	0.882415	0.882415
ENST00000373884	97	97	-1.117	-0.0115155	-0.0115155
ENST00000373839	124	124	299.091	2.41202	2.41202
ENST00000343067	207	192	520.82	2.51604	2.7126
ENST00000327300	128	128	172.069	1.34429	1.34429
ENST00000373602	138	138	195.178	1.41433	1.41433
ENST00000373582	200	189	53.72	0.2686	0.284233
ENST00000373475	156	156	735.97	4.71776	4.71776
ENST00000372969	55	55	-29.13	-0.529636	-0.529636
ENST00000431473	143	143	244	1.70629	1.70629
ENST00000321358	148	148	1142.48	7.71947	7.71947
ENST00000634258	70	70	161.603	2.30861	2.30861
ENST00000472174	81	81	152.998	1.88886	1.88886
ENST00000372289	283	283	121.468	0.429216	0.429216
ENST00000371901	149	149	-108.133	-0.725725	-0.725725
ENST00000313334	98	98	481.289	4.91111	4.91111
ENST00000294353	201	201	471.987	2.34819	2.34819
ENST00000302118	290	287	-241.393	-0.83239	-0.841091
ENST00000303721	71	71	-1.622	-0.0228451	-0.0228451
ENST00000371208	169	169	258.888	1.53188	1.53188
ENST00000370986	294	294	203.228	0.691252	0.691252
ENST00000370938	148	148	-246.011	-1.66224	-1.66224
ENST00000370035	329	329	476.105	1.44713	1.44713
ENST00000369799	288	288	742.92	2.57958	2.57958
ENST00000369503	115	115	-57.798	-0.502591	-0.502591
ENST00000682167	58	58	23.181	0.399672	0.399672
ENST00000322209	179	179	136.606	0.763162	0.763162
ENST00000368910	106	106	199.531	1.88237	1.88237
ENST00000368888	445	445	681.455	1.53136	1.53136
ENST00000356955	71	71	143.61	2.02268	2.02268
ENST00000368408	105	83	451.693	4.30184	5.44208
ENST00000368407	102	102	126.186	1.23712	1.23712
ENST00000368324	195	195	407.658	2.09055	2.09055
ENST00000368216	636	636	320.281	0.503586	0.503586
ENST00000361216	103	103	228.342	2.21691	2.21691
ENST00000309758	119	119	-149.085	-1.25282	-1.25282
ENST00000358671	99	99	2.446	0.0247071	0.0247071
ENST00000367879	220	220	317.678	1.44399	1.44399
ENST00000367763	58	58	7.532	0.129862	0.129862
ENST00000239461	88	88	592.253	6.73015	6.73015
ENST00000340385	63	63	-34.197	-0.54281	-0.54281
ENST00000649689	557	557	-122.058	-0.219135	-0.219135
ENST00000681986	171	171	483.044	2.82482	2.82482
ENST00000258341	297	297	402.298	1.35454	1.35454
ENST00000362011	97	97	117.373	1.21003	1.21003
ENST00000343110	149	149	443.018	2.97328	2.97328
ENST00000339876	330	316	812.173	2.46113	2.57017
ENST00000331555	189	189	-64.974	-0.343778	-0.343778
ENST00000367103	325	325	988.013	3.04004	3.04004
ENST00000367057	91	91	35.208	0.386901	0.386901
ENST00000367042	159	159	-496.399	-3.12201	-3.12201
ENST00000361322	88	88	304.226	3.45711	3.45711
ENST00000366903	415	415	491.217	1.18366	1.18366
ENST00000366618	402	402	258.631	0.643361	0.643361
ENST00000358704	149	149	1089.3	7.31075	7.31075
ENST00000270708	104	104	-38.449	-0.369702	-0.369702
ENST00000400908	625	625	2211.75	3.53879	3.53879
ENST00000376692	122	122	17.318	0.141951	0.141951
ENST00000455833	344	344	918.093	2.66887	2.66887
ENST00000375078	831	815	1453.73	1.74938	1.78372
ENST00000302271	83	83	564.518	6.80142	6.80142
ENST00000336689	46	46	70.276	1.52774	1.52774
ENST00000374561	75	75	-91.504	-1.22005	-1.22005
ENST00000617979	119	119	52.984	0.445244	0.445244
ENST00000455785	93	93	410.234	4.41112	4.41112
ENST00000374282	86	86	53.582	0.623047	0.623047
ENST00000235532	82	82	-15.194	-0.185293	-0.185293
ENST00000372858	839	820	1765.1	2.10382	2.15256
ENST00000072644	354	354	251.083	0.709274	0.709274
ENST00000371222	977	977	1620.32	1.65846	1.65846
ENST00000370574	149	149	-167.589	-1.12476	-1.12476
ENST00000334047	123	123	-30.528	-0.248195	-0.248195
ENST00000287482	116	116	105.981	0.913629	0.913629
ENST00000369962	250	250	327.31	1.30924	1.30924
ENST00000369769	131	131	189.912	1.44971	1.44971
ENST00000682118	1080	1080	-1212.61	-1.12279	-1.12279
ENST00000368723	61	61	-40.492	-0.663803	-0.663803
ENST00000368719	64	64	-15.604	-0.243813	-0.243813
ENST00000368706	212	212	567.726	2.67795	2.67795
ENST00000368463	67	67	53.727	0.801896	0.801896
ENST00000368361	304	304	1686.75	5.54851	5.54851
ENST00000357325	246	244	1110.45	4.51404	4.55104
ENST00000423014	75	75	-83.491	-1.11321	-1.11321
ENST00000236137	178	178	-63.047	-0.354197	-0.354197
ENST00000361580	228	228	430.073	1.88629	1.88629
ENST00000367558	130	130	-131.822	-1.01402	-1.01402
ENST00000255409	81	81	-7.312	-0.0902716	-0.0902716
ENST00000359470	259	259	720.887	2.78335	2.78335
ENST00000367033	822	822	1597.85	1.94386	1.94386
ENST00000366923	117	117	-19.383	-0.165667	-0.165667
ENST00000343410	60	60	21.663	0.36105	0.36105
ENST00000366607	122	122	-63.551	-0.52091	-0.52091
ENST00000490107	62	62	-69.259	-1.11708	-1.11708
ENST00000366514	123	123	-104.991	-0.853585	-0.853585
ENST00000298375	118	118	-91.09	-0.771949	-0.771949
ENST00000355029	136	136	229.977	1.69101	1.69101
ENST00000379775	329	329	395.023	1.20068	1.20068
ENST00000376454	56	56	148.326	2.64868	2.64868
ENST00000263559	100	100	284.724	2.84724	2.84724
ENST00000335350	416	416	1245.23	2.99335	2.99335
ENST00000307365	197	197	312.151	1.58452	1.58452
ENST00000357321	122	122	90.766	0.743984	0.743984
ENST00000372017	99	99	34.344	0.346909	0.346909
ENST00000371795	231	231	-209.253	-0.905857	-0.905857
ENST00000298068	95	95	191.985	2.02089	2.02089
ENST00000684270	195	195	114.167	0.585472	0.585472
ENST00000369902	181	181	405.678	2.24131	2.24131
ENST00000448841	106	64	476.665	4.49684	7.44789
ENST00000369583	215	212	322.796	1.50138	1.52262
ENST00000369248	299	299	806.129	2.69608	2.69608
ENST00000369085	296	296	938.904	3.17197	3.17197
ENST00000455566	141	141	116.443	0.825837	0.825837
ENST00000338492	116	116	-24.542	-0.211569	-0.211569
ENST00000280886	90	90	234.604	2.60671	2.60671
ENST00000378076	151	151	62.828	0.416079	0.416079
ENST00000298943	814	801	2601.88	3.19641	3.24829
ENST00000376980	296	296	175.644	0.593392	0.593392
ENST00000376016	174	125	130.414	0.749506	1.04331
ENST00000242462	214	214	24.684	0.115346	0.115346
ENST00000672957	103	103	119.989	1.16494	1.16494
ENST00000336233	40	40	-27.024	-0.6756	-0.6756
ENST00000331272	65	65	125.643	1.93297	1.93297
ENST00000361464	422	422	852.987	2.0213	2.0213
ENST00000369209	97	97	77.482	0.798783	0.798783
ENST00000369077	259	259	306.685	1.18411	1.18411
ENST00000358487	633	633	1366.96	2.1595	2.1595
ENST00000241305	148	148	87.98	0.594459	0.594459
ENST00000532097	74	74	-84.403	-1.14058	-1.14058
ENST00000409548	127	127	-143.909	-1.13314	-1.13314
ENST00000336615	190	190	-50.31	-0.264789	-0.264789
ENST00000525077	689	671	-518.299	-0.752248	-0.772428
ENST00000397420	144	144	-62.634	-0.434958	-0.434958
ENST00000649076	219	219	-31.454	-0.143626	-0.143626
ENST00000300738	214	214	96.124	0.449178	0.449178
ENST00000280734	108	108	69.138	0.640167	0.640167
ENST00000349880	859	859	1962.84	2.28503	2.28503
ENST00000324559	408	408	-428.138	-1.04936	-1.04936
ENST00000407364	318	318	247.261	0.77755	0.77755
ENST00000054950	123	116	15.743	0.127992	0.135716
ENST00000257836	269	269	20.85	0.0775093	0.0775093
ENST00000341394	141	141	428.531	3.03923	3.03923
ENST00000617612	268	268	699.133	2.60871	2.60871
ENST00000335099	338	283	790.153	2.33773	2.79206
ENST00000394900	211	211	25.19	0.119384	0.119384
ENST00000345728	108	108	23.369	0.21638	0.21638
ENST00000649896	365	365	-50.861	-0.139345	-0.139345
ENST00000265465	331	331	-79.871	-0.241302	-0.241302
ENST00000308342	103	103	-18.794	-0.182466	-0.182466
ENST00000301838	164	162	-178.063	-1.08575	-1.09915
ENST00000263681	77	77	139.748	1.81491	1.81491
ENST00000305494	112	112	-1.758	-0.0156964	-0.0156964
ENST00000533122	120	120	-218.487	-1.82072	-1.82072
ENST00000322536	85	85	-47.975	-0.564412	-0.564412
ENST00000440460	157	157	451.465	2.87557	2.87557
ENST00000357685	90	90	47.791	0.531011	0.531011
ENST00000316851	193	193	842.157	4.36351	4.36351
ENST00000317011	171	159	276.051	1.61433	1.73617
ENST00000311413	596	566	673.954	1.1308	1.19073
ENST00000397801	146	146	416.668	2.85389	2.85389
ENST00000425380	173	173	1.708	0.00987283	0.00987283
ENST00000299164	329	329	733.415	2.22922	2.22922
ENST00000431843	330	330	198.713	0.602161	0.602161
ENST00000317204	134	134	103.423	0.771813	0.771813
ENST00000397068	130	130	-112.893	-0.868408	-0.868408
ENST00000396777	143	143	623.457	4.35984	4.35984
ENST00000534025	129	129	154.07	1.19434	1.19434
ENST00000528080	152	152	63.844	0.420026	0.420026
ENST00000336349	85	85	48.469	0.570224	0.570224
ENST00000524983	151	151	301.135	1.99427	1.99427
ENST00000378538	194	194	932.941	4.80897	4.80897
ENST00000256999	193	193	-211.243	-1.09452	-1.09452
ENST00000278426	272	272	32.595	0.119835	0.119835
ENST00000332539	91	91	-6.314	-0.0693846	-0.0693846
ENST00000309318	270	243	860.255	3.18613	3.54014
ENST00000533211	589	572	1047.02	1.77763	1.83046
ENST00000312419	147	147	574.492	3.90811	3.90811
ENST00000326294	63	63	32.568	0.516952	0.516952
ENST00000255087	140	140	-87.404	-0.624314	-0.624314
ENST00000355527	235	235	-221.15	-0.941064	-0.941064
ENST00000298231	172	172	437.191	2.54181	2.54181
ENST00000334805	1286	1286	689.496	0.536156	0.536156
ENST00000356467	208	208	814.7	3.91683	3.91683
ENST00000298198	272	272	362.707	1.33348	1.33348
ENST00000393346	304	292	916.972	3.01636	3.14032
ENST00000329862	120	120	-254.955	-2.12463	-2.12463
ENST00000344327	504	504	150.754	0.299115	0.299115
ENST00000393067	98	98	554.696	5.66016	5.66016
ENST00000614497	42	42	53.766	1.28014	1.28014
ENST00000526014	72	72	103.979	1.44415	1.44415
ENST00000683865	819	792	2890.21	3.52895	3.64926
ENST00000278927	136	131	134.535	0.989228	1.02698
ENST00000266557	141	141	19.673	0.139525	0.139525
ENST00000266556	207	207	50.455	0.243744	0.243744
ENST00000309083	343	318	1049.77	3.06055	3.30116
ENST00000011653	202	200	113.249	0.560639	0.566245
ENST00000162391	1132	1132	2419.1	2.13702	2.13702
ENST00000014914	110	107	-16.02	-0.145636	-0.14972
ENST00000381271	98	98	33.418	0.341	0.341
ENST00000536681	168	168	170.271	1.01352	1.01352
ENST00000534526	236	236	-85.755	-0.363369	-0.363369
ENST00000308742	120	120	55.034	0.458617	0.458617
ENST00000334344	131	131	604.966	4.61806	4.61806
ENST00000442218	67	67	62.702	0.935851	0.935851
ENST00000301464	51	51	89.592	1.75671	1.75671
ENST00000243108	82	82	785.27	9.57646	9.57646
ENST00000266971	183	183	37.217	0.203372	0.203372
ENST00000394048	53	53	-3.08	-0.0581132	-0.0581132
ENST00000308197	177	177	57.208	0.323209	0.323209
ENST00000266646	230	230	283.252	1.23153	1.23153
ENST00000455537	228	228	293.793	1.28857	1.28857
ENST00000266643	426	426	1031.05	2.42031	2.42031
ENST00000229195	143	143	1267.02	8.8603	8.8603
ENST00000415493	398	398	474.999	1.19346	1.19346
ENST00000229266	222	222	-29.87	-0.13455	-0.13455
ENST00000258534	210	204	-4.995	-0.0237857	-0.0244853
ENST00000332180	70	70	98.792	1.41131	1.41131
ENST00000228506	148	148	503.213	3.40009	3.40009
ENST00000261822	208	208	752.894	3.61968	3.61968
ENST00000546355	337	337	21.879	0.0649228	0.0649228
ENST00000435159	233	211	-0.302	-0.00129614	-0.00143128
ENST00000683879	343	343	1208.42	3.52308	3.52308
ENST00000228251	212	212	715.622	3.37558	3.37558
ENST00000451604	69	69	517.794	7.50426	7.50426
ENST00000343028	216	204	-60.033	-0.277931	-0.294279
ENST00000357869	188	188	402.626	2.14163	2.14163
ENST00000309739	103	103	-5.693	-0.0552718	-0.0552718
ENST00000301068	194	194	467.908	2.4119	2.4119
ENST00000334221	711	711	1384.87	1.94778	1.94778
ENST00000305879	86	86	127.338	1.48067	1.48067
ENST00000398189	112	112	44.148	0.394179	0.394179
ENST00000258145	130	130	-19.999	-0.153838	-0.153838
ENST00000552864	212	212	667.062	3.14652	3.14652
ENST00000553106	114	114	19.359	0.169816	0.169816
ENST00000429722	377	377	-201.14	-0.533528	-0.533528
ENST00000318348	167	167	434.923	2.60433	2.60433
ENST00000354300	287	287	853.842	2.97506	2.97506
ENST00000419234	164	155	291.412	1.7769	1.88008
ENST00000680972	749	749	-144.067	-0.192346	-0.192346
ENST00000261731	373	373	1033.29	2.7702	2.7702
ENST00000376874	237	237	170.562	0.719671	0.719671
ENST00000241463	115	115	-117.044	-1.01777	-1.01777
ENST00000380482	245	245	-104.167	-0.425171	-0.425171
ENST00000379406	262	249	-124.235	-0.474179	-0.498936
ENST00000398795	152	140	88.959	0.585257	0.635421
ENST00000379179	202	202	453.607	2.24558	2.24558
ENST00000282026	127	127	-4.304	-0.0338898	-0.0338898
ENST00000258607	79	60	-111.407	-1.41022	-1.85678
ENST00000377918	803	803	2218.56	2.76283	2.76283
ENST00000602402	117	117	120.135	1.02679	1.02679
ENST00000376335	281	281	607.574	2.16219	2.16219
ENST00000376180	159	159	114.872	0.722465	0.722465
ENST00000376052	53	53	113.147	2.13485	2.13485
ENST00000314759	75	75	-166.649	-2.22199	-2.22199
ENST00000282397	285	285	307.984	1.08065	1.08065
ENST00000320027	322	263	58.104	0.180447	0.220928
ENST00000379919	551	551	1634.74	2.96686	2.96686
ENST00000379483	312	265	79.585	0.25508	0.300321
ENST00000379310	94	94	13.977	0.148691	0.148691
ENST00000377962	119	119	29.908	0.251328	0.251328
ENST00000355619	334	334	510.833	1.52944	1.52944
ENST00000376945	496	496	674.48	1.35984	1.35984
ENST00000400198	218	218	298.135	1.36759	1.36759
ENST00000375856	530	525	677.491	1.27828	1.29046
ENST00000375431	79	79	-166.942	-2.11319	-2.11319
ENST00000359591	564	564	927.237	1.64404	1.64404
ENST00000319074	116	116	260.254	2.24357	2.24357
ENST00000684589	366	366	1160.14	3.16978	3.16978
ENST00000261556	117	117	-88.215	-0.753974	-0.753974
ENST00000304743	392	392	1060.02	2.70413	2.70413
ENST00000644200	93	93	-11.788	-0.126753	-0.126753
ENST00000303562	155	155	294.489	1.89993	1.89993
ENST00000393078	65	65	-150.927	-2.32195	-2.32195
ENST00000560869	639	639	-14.837	-0.0232191	-0.0232191
ENST00000392593	112	112	-38.998	-0.348196	-0.348196
ENST00000392554	179	179	53.66	0.299777	0.299777
ENST00000216297	92	92	447.366	4.86267	4.86267
ENST00000342213	71	71	30.315	0.426972	0.426972
ENST00000684578	166	166	254.111	1.53079	1.53079
ENST00000216410	194	184	217.628	1.12179	1.18276
ENST00000316836	745	745	-168.574	-0.226274	-0.226274
ENST00000261978	293	288	187.356	0.63944	0.650542
ENST00000251089	55	55	-6.472	-0.117673	-0.117673
ENST00000336735	109	109	194.807	1.78722	1.78722
ENST00000298894	363	363	-341.983	-0.942102	-0.942102
ENST00000216281	59	59	-24.426	-0.414	-0.414
ENST00000348956	77	77	79.266	1.02943	1.02943
ENST00000286953	60	60	-22.098	-0.3683	-0.3683
ENST00000638170	364	364	1420.08	3.90132	3.90132
ENST00000562188	576	576	155.525	0.270009	0.270009
ENST00000267842	232	232	-19.009	-0.0819353	-0.0819353
ENST00000306917	673	673	1582.62	2.35159	2.35159
ENST00000260382	69	69	105.164	1.52412	1.52412
ENST00000340912	109	109	299.413	2.74691	2.74691
ENST00000261908	213	186	348.246	1.63496	1.87229
ENST00000299565	200	200	-249.383	-1.24691	-1.24691
ENST00000332810	107	107	20.621	0.19272	0.19272
ENST00000411539	249	249	69.521	0.279201	0.279201
ENST00000268184	149	132	114.456	0.768161	0.867091
ENST00000355112	99	99	42.457	0.428859	0.428859
ENST00000268164	184	184	350.186	1.90318	1.90318
ENST00000649030	88	88	106.243	1.20731	1.20731
ENST00000314891	96	96	137.684	1.43421	1.43421
ENST00000354670	240	231	969.082	4.03784	4.19516
ENST00000261854	173	173	-18.968	-0.109642	-0.109642
ENST00000249822	138	138	159.989	1.15934	1.15934
ENST00000288235	371	371	673.998	1.81671	1.81671
ENST00000345330	174	174	646.398	3.71493	3.71493
ENST00000326828	202	202	-198.875	-0.98453	-0.98453
ENST00000267953	77	77	-68.585	-0.890714	-0.890714
ENST00000252951	266	266	74.101	0.278575	0.278575
ENST00000424439	648	643	163.205	0.25186	0.253818
ENST00000389703	404	404	-355.953	-0.881072	-0.881072
ENST00000545450	199	199	-104.435	-0.524799	-0.524799
ENST00000397514	149	122	330.325	2.21695	2.70758
ENST00000568546	112	112	-15.243	-0.136098	-0.136098
ENST00000330398	152	152	214.334	1.41009	1.41009
ENST00000304735	155	155	181.527	1.17114	1.17114
ENST00000268261	44	44	-40.788	-0.927	-0.927
ENST00000558583	467	420	1184.26	2.5359	2.81967
ENST00000355377	407	407	1288.79	3.16655	3.16655
ENST00000330181	210	210	-90.626	-0.431552	-0.431552
ENST00000652691	104	104	104.781	1.00751	1.00751
ENST00000251303	210	208	-98.488	-0.46899	-0.4735
ENST00000613509	174	174	153.658	0.883092	0.883092
ENST00000394636	334	334	1341.73	4.01714	4.01714
ENST00000403458	157	157	-13.873	-0.0883631	-0.0883631
ENST00000648994	152	152	125.993	0.828901	0.828901
ENST00000393306	163	163	-26.764	-0.164196	-0.164196
ENST00000614302	338	338	-318.088	-0.941089	-0.941089
ENST00000319518	140	140	99.547	0.71105	0.71105
ENST00000007264	133	133	-80.652	-0.606406	-0.606406
ENST00000283429	106	106	-103.486	-0.976283	-0.976283
ENST00000344836	621	581	1762.66	2.83842	3.03383
ENST00000434724	236	168	332.24	1.4078	1.97762
ENST00000304414	83	83	-223.14	-2.68843	-2.68843
ENST00000300571	123	123	228.992	1.86172	1.86172
ENST00000572914	39	39	-50.5	-1.29487	-1.29487
ENST00000268383	310	301	435.941	1.40626	1.44831
ENST00000262525	211	211	1095.94	5.19404	5.19404
ENST00000215115	133	133	340.801	2.56241	2.56241
ENST00000317508	229	229	135.901	0.593454	0.593454
ENST00000394688	214	214	847.589	3.9607	3.9607
ENST00000290649	218	218	566.642	2.59928	2.59928
ENST00000300291	130	130	177.197	1.36305	1.36305
ENST00000299237	1437	1437	2714.51	1.88901	1.88901
ENST00000394106	218	218	433.032	1.98639	1.98639
ENST00000299759	142	142	20.572	0.144873	0.144873
ENST00000345057	80	80	148.527	1.85659	1.85659
ENST00000261772	107	107	-46.428	-0.433907	-0.433907
ENST00000326043	835	825	3093.61	3.70492	3.74983
ENST00000301015	256	256	81.496	0.318344	0.318344
ENST00000453066	42	42	114.78	2.73286	2.73286
ENST00000254719	89	89	62.099	0.697742	0.697742
ENST00000248378	137	137	99.204	0.724117	0.724117
ENST00000269260	90	90	354.571	3.93968	3.93968
ENST00000329125	95	95	112.357	1.18271	1.18271
ENST00000262482	516	516	823.035	1.59503	1.59503
ENST00000572447	69	69	-2.08	-0.0301449	-0.0301449
ENST00000314666	130	130	-14.35	-0.110385	-0.110385
ENST00000395604	138	138	72.801	0.527543	0.527543
ENST00000176643	221	221	-248.716	-1.12541	-1.12541
ENST00000394859	490	490	1361.28	2.77812	2.77812
ENST00000613102	285	285	1198.45	4.20508	4.20508
ENST00000254079	441	410	119.79	0.271633	0.292171
ENST00000269593	286	251	421.649	1.4743	1.67988
ENST00000393892	90	90	163.262	1.81402	1.81402
ENST00000343619	133	133	117.125	0.880639	0.880639
ENST00000538716	171	171	449.293	2.62744	2.62744
ENST00000172229	125	108	190.504	1.52403	1.76393
ENST00000284073	220	220	922.931	4.19514	4.19514
ENST00000240328	334	334	1524.11	4.56322	4.56322
ENST00000533854	237	237	-61.722	-0.26043	-0.26043
ENST00000330459	129	129	52.025	0.403295	0.403295
ENST00000621439	625	625	362.406	0.57985	0.57985
ENST00000243457	386	386	1406.7	3.6443	3.6443
ENST00000579469	542	542	162.564	0.299934	0.299934
ENST00000589666	75	75	652.141	8.69521	8.69521
ENST00000327490	158	158	135.754	0.859203	0.859203
ENST00000341249	361	361	41.411	0.114712	0.114712
ENST00000336868	98	98	230.907	2.35619	2.35619
ENST00000264335	112	112	631.029	5.63419	5.63419
ENST00000263073	65	65	317.022	4.87726	4.87726
ENST00000293778	589	589	-270.419	-0.459115	-0.459115
ENST00000225296	123	123	15.535	0.126301	0.126301
ENST00000007699	139	139	426.317	3.06703	3.06703
ENST00000619711	206	206	543.037	2.6361	2.6361
ENST00000575771	96	96	187.292	1.95096	1.95096
ENST00000448843	342	342	229.133	0.66998	0.66998
ENST00000437139	94	94	-25.942	-0.275979	-0.275979
ENST00000399277	110	110	-234.263	-2.12966	-2.12966
ENST00000612814	98	84	-65.655	-0.669949	-0.781607
ENST00000378895	135	135	60.493	0.448096	0.448096
ENST00000225388	89	89	464.758	5.222	5.222
ENST00000225394	270	241	779.814	2.8882	3.23574
ENST00000261714	125	125	126.84	1.01472	1.01472
ENST00000628453	711	709	-921.448	-1.29599	-1.29964
ENST00000619039	132	132	564.913	4.27964	4.27964
ENST00000304046	140	140	338.099	2.41499	2.41499
ENST00000352035	95	95	55.683	0.586137	0.586137
ENST00000262407	176	176	188.185	1.06923	1.06923
ENST00000225603	248	235	821.085	3.31083	3.49398
ENST00000502492	108	108	110.163	1.02003	1.02003
ENST00000433197	115	115	236.481	2.05636	2.05636
ENST00000439174	147	147	563.288	3.83189	3.83189
ENST00000392621	125	125	-183.533	-1.46826	-1.46826
ENST00000425042	103	103	115.623	1.12255	1.12255
ENST00000207549	67	67	121.717	1.81667	1.81667
ENST00000301634	58	58	-89.463	-1.54247	-1.54247
ENST00000261601	142	142	160.94	1.13338	1.13338
ENST00000254528	183	183	174.19	0.951858	0.951858
ENST00000322897	76	76	-49.929	-0.656961	-0.656961
ENST00000261537	792	786	1533.09	1.93571	1.95049
ENST00000269221	108	108	-38.709	-0.358417	-0.358417
ENST00000317571	118	118	81.843	0.693585	0.693585
ENST00000261292	252	249	30.367	0.120504	0.121956
ENST00000400345	435	435	507.415	1.16647	1.16647
ENST00000299727	701	701	-418.569	-0.597103	-0.597103
ENST00000613122	145	131	213.079	1.46951	1.62656
ENST00000262198	224	224	657.97	2.93737	2.93737
ENST00000400256	187	187	227.177	1.21485	1.21485
ENST00000269228	163	163	-109.643	-0.672656	-0.672656
ENST00000360428	82	82	-64.107	-0.781793	-0.781793
ENST00000285106	103	103	85.323	0.828379	0.828379
ENST00000256854	119	119	62.275	0.523319	0.523319
ENST00000645214	88	88	3.911	0.0444432	0.0444432
ENST00000299608	127	127	-56.181	-0.44237	-0.44237
ENST00000419743	49	6	32.008	0.653224	5.33467
ENST00000234371	170	170	-75.702	-0.445306	-0.445306
ENST00000263620	292	292	592.787	2.03009	2.03009
ENST00000215368	296	288	653.29	2.20706	2.26837
ENST00000233596	89	89	5.23	0.058764	0.058764
ENST00000307741	160	160	-1.691	-0.0105687	-0.0105687
ENST00000246112	83	83	-16.41	-0.197711	-0.197711
ENST00000333651	69	69	316.836	4.59183	4.59183
ENST00000588852	123	123	242.317	1.97006	1.97006
ENST00000588776	78	78	-27.344	-0.350564	-0.350564
ENST00000327064	150	150	175.704	1.17136	1.17136
ENST00000222250	141	141	-177.486	-1.25877	-1.25877
ENST00000262817	89	89	105.023	1.18003	1.18003
ENST00000252575	114	114	315.59	2.76833	2.76833
ENST00000597761	149	149	-552.201	-3.70605	-3.70605
ENST00000335523	590	590	1216.85	2.06246	2.06246
ENST00000639142	306	296	-300.855	-0.983186	-1.0164
ENST00000392213	123	123	190.732	1.55067	1.55067
ENST00000301159	149	149	32.141	0.215711	0.215711
ENST00000392153	190	190	-132.275	-0.696184	-0.696184
ENST00000425673	766	766	511.806	0.668154	0.668154
ENST00000357052	129	129	436.321	3.38233	3.38233
ENST00000594136	105	105	328.86	3.132	3.132
ENST00000270014	143	143	-643.31	-4.49867	-4.49867
ENST00000313040	211	211	-168.258	-0.797431	-0.797431
ENST00000353609	591	570	1427.44	2.41529	2.50427
ENST00000201586	81	81	63.815	0.78784	0.78784
ENST00000270645	62	62	29.075	0.468952	0.468952
ENST00000250340	162	162	36.524	0.225457	0.225457
ENST00000270458	206	206	430.682	2.09069	2.09069
ENST00000205194	119	119	139.381	1.17127	1.17127
ENST00000434937	88	88	-357.129	-4.05828	-4.05828
ENST00000341750	67	67	-152.758	-2.27997	-2.27997
ENST00000337080	267	257	-20.987	-0.078603	-0.0816615
ENST00000302804	226	226	-383.155	-1.69538	-1.69538
ENST00000321545	382	382	-1363.52	-3.56942	-3.56942
ENST00000543226	172	172	-368.458	-2.1422	-2.1422
ENST00000282292	143	143	-1169.94	-8.18136	-8.18136
ENST00000282296	187	187	-1031.42	-5.51562	-5.51562
ENST00000594901	230	229	-942.425	-4.0975	-4.11539
ENST00000585675	55	55	-103.492	-1.88167	-1.88167
ENST00000355415	183	183	-128.139	-0.700213	-0.700213
ENST00000545797	273	273	-162.157	-0.593982	-0.593982
ENST00000301480	223	223	-1014.24	-4.54815	-4.54815
ENST00000341191	127	124	-898.041	-7.07119	-7.24227
ENST00000598753	159	159	-699.007	-4.39627	-4.39627
ENST00000397732	159	159	-699.007	-4.39627	-4.39627
ENST00000586783	424	424	-73.161	-0.17255	-0.17255
ENST00000588872	236	236	220.395	0.933877	0.933877
ENST00000263382	133	108	2.371	0.0178271	0.0219537
ENST00000221730	237	237	53.657	0.226401	0.226401
ENST00000343625	59	59	102.16	1.73153	1.73153
ENST00000443236	168	168	56.76	0.337857	0.337857
ENST00000341130	206	206	-53.514	-0.259777	-0.259777
ENST00000389363	86	86	-7.142	-0.0830465	-0.0830465
ENST00000339686	174	174	13.716	0.0788276	0.0788276
ENST00000246532	100	100	55.389	0.55389	0.55389
ENST00000586606	185	185	-481.779	-2.60421	-2.60421
ENST00000355202	567	567	-1169.2	-2.06207	-2.06207
ENST00000390658	82	82	-52.703	-0.64272	-0.64272
ENST00000221930	878	878	1971.53	2.24548	2.24548
ENST00000244336	96	96	-323.354	-3.36827	-3.36827
ENST00000327495	97	97	-350.193	-3.61024	-3.61024
ENST00000436291	132	132	-704.212	-5.33494	-5.33494
ENST00000406487	132	132	-627.394	-4.75298	-4.75298
ENST00000405312	102	102	-409.485	-4.01456	-4.01456
ENST00000270077	99	99	-411.684	-4.15842	-4.15842
ENST00000300811	202	202	541.818	2.68227	2.68227
ENST00000648319	112	112	458.14	4.09054	4.09054
ENST00000614994	84	84	-76.724	-0.913381	-0.913381
ENST00000360957	92	92	356.399	3.8739	3.8739
ENST00000322217	96	96	404.688	4.2155	4.2155
ENST00000617053	577	574	-141.304	-0.244894	-0.246174
ENST00000236877	121	121	124.492	1.02886	1.02886
ENST00000222145	94	94	242.154	2.57611	2.57611
ENST00000322344	121	121	-88.405	-0.73062	-0.73062
ENST00000421832	84	76	-49.119	-0.58475	-0.646303
ENST00000196489	207	207	-1021.49	-4.93473	-4.93473
ENST00000435989	235	235	-1881.56	-8.00663	-8.00663
ENST00000396290	110	110	82.797	0.7527	0.7527
ENST00000272233	392	329	422.321	1.07735	1.28365
ENST00000401533	133	133	222.426	1.67238	1.67238
ENST00000260598	488	488	109.551	0.22449	0.22449
ENST00000380171	328	328	-192.828	-0.58789	-0.58789
ENST00000379852	121	121	502.444	4.15243	4.15243
ENST00000395366	295	286	877.478	2.9745	3.0681
ENST00000405094	114	94	271.827	2.38445	2.89178
ENST00000378494	61	61	49.137	0.805525	0.805525
ENST00000238892	68	54	-13.273	-0.195191	-0.245796
ENST00000294952	188	188	524.993	2.79252	2.79252
ENST00000233114	81	81	82.007	1.01243	1.01243
ENST00000264447	296	296	1906.3	6.44022	6.44022
ENST00000357877	130	130	64.271	0.494392	0.494392
ENST00000272395	153	153	-631.494	-4.12741	-4.12741
ENST00000651691	86	86	-150.612	-1.7513	-1.7513
ENST00000361360	1396	1396	4760.19	3.40988	3.40988
ENST00000283195	125	125	135.474	1.08379	1.08379
ENST00000259253	158	158	184.603	1.16837	1.16837
ENST00000693505	71	71	-67.934	-0.956817	-0.956817
ENST00000446997	103	103	659.476	6.40268	6.40268
ENST00000284669	77	77	330.412	4.29106	4.29106
ENST00000260956	115	115	90.449	0.786513	0.786513
ENST00000234160	88	79	202.458	2.30066	2.56276
ENST00000361725	171	171	1342.57	7.85129	7.85129
ENST00000286070	110	110	17.661	0.160555	0.160555
ENST00000392238	219	219	453.348	2.07008	2.07008
ENST00000392222	85	85	-118.774	-1.39734	-1.39734
ENST00000233809	104	104	205.13	1.9724	1.9724
ENST00000233948	233	233	539.045	2.3135	2.3135
ENST00000281830	108	108	74.434	0.689204	0.689204
ENST00000325385	146	146	276.385	1.89305	1.89305
ENST00000392027	52	52	-141.381	-2.71887	-2.71887
ENST00000445964	137	137	91.757	0.669759	0.669759
ENST00000612363	131	131	344.956	2.63325	2.63325
ENST00000264039	256	256	424.701	1.65899	1.65899
ENST00000310574	456	456	-49.701	-0.108993	-0.108993
ENST00000475092	107	107	-123.992	-1.1588	-1.1588
ENST00000319466	90	90	-3.433	-0.0381444	-0.0381444
ENST00000401669	1073	1073	2042.55	1.90359	1.90359
ENST00000244221	187	187	271.811	1.45353	1.45353
ENST00000272425	179	179	-396.165	-2.21321	-2.21321
ENST00000272444	129	129	-209.734	-1.62584	-1.62584
ENST00000428390	158	152	199.451	1.26235	1.31218
ENST00000639673	153	153	-657.065	-4.29454	-4.29454
ENST00000264255	127	127	3.752	0.0295433	0.0295433
ENST00000295317	113	113	-195.253	-1.7279	-1.7279
ENST00000530340	285	271	-301.319	-1.05726	-1.11188
ENST00000376300	75	75	41.401	0.552013	0.552013
ENST00000389484	287	287	883.693	3.07907	3.07907
ENST00000263895	157	157	531.119	3.38292	3.38292
ENST00000331426	136	136	-38.826	-0.285485	-0.285485
ENST00000339562	368	368	1428.14	3.88083	3.88083
ENST00000348849	444	444	1547.84	3.48613	3.48613
ENST00000355689	41	41	-51.478	-1.25556	-1.25556
ENST00000428443	359	355	681.256	1.89765	1.91903
ENST00000261024	326	326	649.09	1.99107	1.99107
ENST00000264151	128	128	-62.7	-0.489844	-0.489844
ENST00000282272	176	176	477.758	2.71453	2.71453
ENST00000417098	660	660	2487.39	3.76877	3.76877
ENST00000354785	266	266	244.341	0.918575	0.918575
ENST00000265322	68	68	-164.185	-2.41449	-2.41449
ENST00000409685	339	339	-68.65	-0.202507	-0.202507
ENST00000392055	244	244	497.879	2.04049	2.04049
ENST00000341772	132	132	100.334	0.760106	0.760106
ENST00000388934	159	159	-84.188	-0.529484	-0.529484
ENST00000234040	101	101	-68.499	-0.678208	-0.678208
ENST00000382285	232	232	106.316	0.458259	0.458259
ENST00000246071	174	174	-160.293	-0.921224	-0.921224
ENST00000398174	110	110	263.418	2.39471	2.39471
ENST00000394552	125	125	-48.85	-0.3908	-0.3908
ENST00000253354	82	82	49.226	0.600317	0.600317
ENST00000677665	555	555	1190.78	2.14555	2.14555
ENST00000320849	74	74	-10.5	-0.141892	-0.141892
ENST00000373461	224	224	704.35	3.14442	3.14442
ENST00000373433	202	202	576.313	2.85303	2.85303
ENST00000361337	246	231	532.949	2.16646	2.30714
ENST00000685551	99	99	33.844	0.341859	0.341859
ENST00000373257	190	190	239.508	1.26057	1.26057
ENST00000244020	138	138	355.668	2.5773	2.5773
ENST00000372622	51	51	118.866	2.33071	2.33071
ENST00000201031	239	239	870.57	3.64255	3.64255
ENST00000395841	175	175	-90.169	-0.515251	-0.515251
ENST00000617804	98	98	124.327	1.26864	1.26864
ENST00000203001	128	128	-35.43	-0.276797	-0.276797
ENST00000339738	190	190	372.889	1.96257	1.96257
ENST00000409299	103	103	-129.677	-1.259	-1.259
ENST00000373750	117	116	-38.556	-0.329538	-0.332379
ENST00000683867	467	467	836.913	1.7921	1.7921
ENST00000372980	483	483	700.028	1.44933	1.44933
ENST00000692313	1058	1058	-209.256	-0.197784	-0.197784
ENST00000371564	220	220	249.913	1.13597	1.13597
ENST00000217131	126	126	-39.384	-0.312571	-0.312571
ENST00000243997	84	84	66.818	0.795452	0.795452
ENST00000370996	374	374	-150.807	-0.403227	-0.403227
ENST00000467148	892	892	798.125	0.894759	0.894759
ENST00000270112	655	655	1041.11	1.58948	1.58948
ENST00000382357	154	154	129.577	0.841409	0.841409
ENST00000333634	127	127	193.823	1.52617	1.52617
ENST00000291554	92	92	23.442	0.254804	0.254804
ENST00000291565	166	166	80.038	0.482157	0.482157
ENST00000397701	118	118	-110.915	-0.939958	-0.939958
ENST00000284881	61	61	61.874	1.01433	1.01433
ENST00000346798	150	150	306.132	2.04088	2.04088
ENST00000381947	146	146	-22.722	-0.15563	-0.15563
ENST00000380749	171	171	233.841	1.36749	1.36749
ENST00000644384	162	162	85.132	0.525506	0.525506
ENST00000652462	82	82	-31.783	-0.387598	-0.387598
ENST00000263205	69	51	29.087	0.421551	0.570333
ENST00000263116	87	87	7.832	0.090023	0.090023
ENST00000331075	49	49	209.73	4.2802	4.2802
ENST00000266087	192	179	-75.171	-0.391516	-0.41995
ENST00000266085	297	297	253.507	0.853559	0.853559
ENST00000216106	133	133	721.795	5.42703	5.42703
ENST00000216122	77	74	27.161	0.35274	0.367041
ENST00000215909	67	67	30.84	0.460299	0.460299
ENST00000216014	138	138	145.709	1.05586	1.05586
ENST00000308521	97	97	-177.452	-1.8294	-1.8294
ENST00000306149	297	297	467.843	1.57523	1.57523
ENST00000255784	104	104	-66.155	-0.636106	-0.636106
ENST00000444313	449	449	-249.769	-0.556278	-0.556278
ENST00000328268	136	136	110.073	0.80936	0.80936
ENST00000331437	233	233	364.515	1.56444	1.56444
ENST00000399837	126	126	41.645	0.330516	0.330516
ENST00000215882	63	63	62.52	0.992381	0.992381
ENST00000263202	108	108	-30.297	-0.280528	-0.280528
ENST00000255882	86	86	15.632	0.181767	0.181767
ENST00000216038	91	91	-90.752	-0.997275	-0.997275
ENST00000397326	72	72	45.195	0.627708	0.627708
ENST00000689035	273	273	260.472	0.95411	0.95411
ENST00000435456	98	98	-77.735	-0.793214	-0.793214
ENST00000216218	99	99	69.728	0.704323	0.704323
ENST00000263256	204	204	574.296	2.81518	2.81518
ENST00000157600	116	116	75.86	0.653966	0.653966
ENST00000404922	125	125	-29.441	-0.235528	-0.235528
ENST00000643237	166	166	-241.873	-1.45707	-1.45707
ENST00000383767	611	559	1772.54	2.90105	3.17091
ENST00000307296	99	99	83.067	0.839061	0.839061
ENST00000650905	40	40	-31.58	-0.7895	-0.7895
ENST00000650617	355	355	-214.584	-0.604462	-0.604462
ENST00000326047	72	72	-48.645	-0.675625	-0.675625
ENST00000445132	118	118	57.605	0.488178	0.488178
ENST00000354698	68	68	-40.536	-0.596118	-0.596118
ENST00000263780	214	214	150.974	0.705486	0.705486
ENST00000309922	148	148	-142.01	-0.959527	-0.959527
ENST00000326172	115	115	0.647001	0.0056261	0.0056261
ENST00000624688	240	240	-175.556	-0.731483	-0.731483
ENST00000683648	325	325	9.653	0.0297015	0.0297015
ENST00000314797	104	104	-66.316	-0.637654	-0.637654
ENST00000302649	112	112	-3.721	-0.0332232	-0.0332232
ENST00000264993	359	359	497.351	1.38538	1.38538
ENST00000675561	171	171	179.544	1.04996	1.04996
ENST00000611884	137	137	334.205	2.43945	2.43945
ENST00000466246	107	107	-14.425	-0.134813	-0.134813
ENST00000429709	167	167	311.621	1.86599	1.86599
ENST00000325404	436	436	2062.95	4.73155	4.73155
ENST00000320741	48	48	48.46	1.00958	1.00958
ENST00000617246	285	285	390.543	1.37033	1.37033
ENST00000383836	695	695	1529.6	2.20086	2.20086
ENST00000245046	180	180	-78.594	-0.436633	-0.436633
ENST00000682230	252	242	498.29	1.97734	2.05905
ENST00000334661	103	103	90.428	0.877942	0.877942
ENST00000273153	194	194	167.049	0.861077	0.861077
ENST00000316161	63	63	16.333	0.259254	0.259254
ENST00000296137	215	215	263.572	1.22592	1.22592
ENST00000409792	189	189	597.787	3.16289	3.16289
ENST00000265563	278	263	340.141	1.22353	1.29331
ENST00000424201	211	211	375.675	1.78045	1.78045
ENST00000305533	142	142	384.038	2.70449	2.70449
ENST00000422318	120	120	189.48	1.579	1.579
ENST00000264634	321	321	728.155	2.2684	2.2684
ENST00000311128	59	59	80.813	1.36971	1.36971
ENST00000649772	72	72	48.513	0.673792	0.673792
ENST00000295628	111	111	80.86	0.728468	0.728468
ENST00000295633	96	96	132.15	1.37656	1.37656
ENST00000310864	196	196	-50.638	-0.258357	-0.258357
ENST00000330689	534	534	-121.313	-0.227178	-0.227178
ENST00000344337	188	188	422.967	2.24982	2.24982
ENST00000306103	151	151	-148.859	-0.985821	-0.985821
ENST00000462833	545	545	1714.29	3.14548	3.14548
ENST00000296220	697	695	448.862	0.643991	0.645845
ENST00000295992	187	187	27.466	0.146877	0.146877
ENST00000282903	195	195	-22.389	-0.114815	-0.114815
ENST00000295822	130	130	192.619	1.48168	1.48168
ENST00000241261	46	46	-48.16	-1.04696	-1.04696
ENST00000317897	243	243	-47.636	-0.196033	-0.196033
ENST00000335012	237	237	278.133	1.17356	1.17356
ENST00000296343	185	185	128.276	0.693384	0.693384
ENST00000438480	64	64	255.415	3.99086	3.99086
ENST00000382581	178	178	71.859	0.403702	0.403702
ENST00000307358	215	215	-98.857	-0.4598	-0.4598
ENST00000382120	95	95	64.216	0.675958	0.675958
ENST00000506197	94	89	-82.551	-0.878202	-0.927539
ENST00000381334	233	233	150.276	0.644961	0.644961
ENST00000309042	323	300	601.184	1.86125	2.00395
ENST00000244869	164	164	-134.979	-0.823043	-0.823043
ENST00000395748	210	210	-75.593	-0.359967	-0.359967
ENST00000307428	212	212	69.626	0.328425	0.328425
ENST00000264409	515	498	113.274	0.21995	0.227458
ENST00000295887	275	275	348.671	1.26789	1.26789
ENST00000264350	151	151	-193.808	-1.2835	-1.2835
ENST00000379987	182	182	-17.207	-0.094544	-0.094544
ENST00000309733	127	127	29.388	0.231402	0.231402
ENST00000326639	167	167	362.55	2.17096	2.17096
ENST00000317605	879	878	2196.52	2.49889	2.50173
ENST00000642700	243	228	-125.868	-0.517975	-0.552053
ENST00000691494	1084	1052	1556.68	1.43606	1.47974
ENST00000507152	154	154	314.988	2.04538	2.04538
ENST00000506823	756	754	943.245	1.24768	1.25099
ENST00000296504	229	214	125.083	0.546214	0.5845
ENST00000378802	257	257	-484.2	-1.88405	-1.88405
ENST00000337190	129	129	327.739	2.54061	2.54061
ENST00000320848	236	236	-323.639	-1.37135	-1.37135
ENST00000635206	178	178	234.98	1.32011	1.32011
ENST00000264218	106	106	-46.441	-0.438123	-0.438123
ENST00000265165	1165	1145	1678.95	1.44116	1.46633
ENST00000296486	155	155	-43.559	-0.281026	-0.281026
ENST00000421491	298	298	-7.676	-0.0257584	-0.0257584
ENST00000509479	857	857	4930.91	5.75369	5.75369
ENST00000507656	89	89	-39.644	-0.445438	-0.445438
ENST00000306193	166	166	-179.759	-1.08289	-1.08289
ENST00000308394	235	235	-118.075	-0.502447	-0.502447
ENST00000682553	583	583	-397.013	-0.680983	-0.680983
ENST00000264933	75	75	-12.038	-0.160507	-0.160507
ENST00000166345	115	115	-12.196	-0.106052	-0.106052
ENST00000274217	103	95	31.005	0.301019	0.326368
ENST00000389100	111	111	29.618	0.266829	0.266829
ENST00000256442	113	113	132.037	1.16847	1.16847
ENST00000317633	201	201	-78.667	-0.391378	-0.391378
ENST00000296755	57	57	196.309	3.44402	3.44402
ENST00000274364	261	261	562.5	2.15517	2.15517
ENST00000319211	182	182	-106.693	-0.586225	-0.586225
ENST00000505065	568	568	965.85	1.70044	1.70044
ENST00000452510	160	160	-1.361	-0.00850626	-0.00850626
ENST00000398733	453	453	1176.05	2.59614	2.59614
ENST00000261811	118	118	41.392	0.35078	0.35078
ENST00000239449	163	163	34.161	0.209577	0.209577
ENST00000624396	134	134	28.097	0.209679	0.209679
ENST00000522782	211	211	211.316	1.0015	1.0015
ENST00000518297	381	381	1269.26	3.3314	3.3314
ENST00000593851	107	107	22.711	0.212252	0.212252
ENST00000328939	553	553	1072.28	1.93902	1.93902
ENST00000296930	100	100	147.155	1.47155	1.47155
ENST00000393784	163	163	552.99	3.39258	3.39258
ENST00000296953	319	319	1552.76	4.8676	4.8676
ENST00000310389	77	77	31.995	0.415519	0.415519
ENST00000408923	101	101	221.371	2.19179	2.19179
ENST00000296824	71	71	-55.48	-0.781408	-0.781408
ENST00000310581	79	79	-28.191	-0.356848	-0.356848
ENST00000264670	65	65	-14.743	-0.226815	-0.226815
ENST00000399810	112	112	-165.301	-1.4759	-1.4759
ENST00000382038	158	158	-124.405	-0.787373	-0.787373
ENST00000282507	93	93	-316.323	-3.40132	-3.40132
ENST00000231498	129	129	-5.278	-0.0409147	-0.0409147
ENST00000337702	139	139	-74.665	-0.537158	-0.537158
ENST00000337836	177	177	4.932	0.0278644	0.0278644
ENST00000325110	126	126	241.676	1.91806	1.91806
ENST00000504924	94	94	474.556	5.04847	5.04847
ENST00000282572	85	85	-73.24	-0.861647	-0.861647
ENST00000307259	335	335	146.021	0.435884	0.435884
ENST00000334082	1360	1360	3201.54	2.35408	2.35408
ENST00000507668	126	126	-16.511	-0.13104	-0.13104
ENST00000439211	494	485	48.629	0.0984393	0.100266
ENST00000231461	327	327	489.401	1.49664	1.49664
ENST00000262464	642	642	1252.64	1.95115	1.95115
ENST00000287008	148	148	449.636	3.03808	3.03808
ENST00000394434	157	157	80.151	0.510516	0.510516
ENST00000296736	262	262	65.496	0.249985	0.249985
ENST00000313115	80	76	-90.298	-1.12872	-1.18813
ENST00000307851	61	61	10.082	0.165279	0.165279
ENST00000307063	62	62	205.75	3.31855	3.31855
ENST00000393792	99	99	244.669	2.4714	2.4714
ENST00000510898	186	186	372.892	2.0048	2.0048
ENST00000335815	155	155	-267.646	-1.72675	-1.72675
ENST00000274773	86	86	-91.411	-1.06292	-1.06292
ENST00000688015	330	330	-303.833	-0.920706	-0.920706
ENST00000380773	230	230	431.39	1.87561	1.87561
ENST00000379052	221	221	615.705	2.786	2.786
ENST00000274764	132	132	-280.155	-2.12239	-2.12239
ENST00000395064	271	266	49.601	0.18303	0.18647
ENST00000373451	163	163	426.829	2.61858	2.61858
ENST00000371646	95	95	-67.197	-0.707337	-0.707337
ENST00000211314	149	149	-151.442	-1.01639	-1.01639
ENST00000370659	111	111	-130.076	-1.17186	-1.17186
ENST00000447266	645	640	1146.84	1.77805	1.79194
ENST00000369562	123	123	-112.128	-0.91161	-0.91161
ENST00000507897	83	83	-109.646	-1.32104	-1.32104
ENST00000230124	140	140	-66.789	-0.477064	-0.477064
ENST00000368605	113	108	-26.244	-0.232248	-0.243
ENST00000338728	108	108	108.736	1.00681	1.00681
ENST00000431975	297	297	-140.524	-0.473145	-0.473145
ENST00000341911	206	206	907.797	4.40678	4.40678
ENST00000607197	273	273	-237.812	-0.871106	-0.871106
ENST00000617445	176	170	209.919	1.19272	1.23482
ENST00000355585	99	99	11.943	0.120636	0.120636
ENST00000297267	197	197	117.216	0.595005	0.595005
ENST00000356956	165	165	117.281	0.710794	0.710794
ENST00000230036	67	67	-32.082	-0.478836	-0.478836
ENST00000376734	110	110	-28.532	-0.259382	-0.259382
ENST00000434651	50	50	-110.275	-2.2055	-2.2055
ENST00000437316	62	62	-275.233	-4.43924	-4.43924
ENST00000338863	231	231	1127.06	4.87905	4.87905
ENST00000229812	295	290	339.861	1.15207	1.17193
ENST00000373025	63	63	-12.552	-0.199238	-0.199238
ENST00000684631	89	89	-126.78	-1.42449	-1.42449
ENST00000274901	137	137	-67.492	-0.492642	-0.492642
ENST00000370370	51	51	-63.275	-1.24069	-1.24069
ENST00000370315	116	116	20.434	0.176155	0.176155
ENST00000627148	101	101	181.562	1.79764	1.79764
ENST00000606017	83	83	127.732	1.53894	1.53894
ENST00000424296	67	67	13.905	0.207537	0.207537
ENST00000420283	67	67	18.851	0.281358	0.281358
ENST00000368491	322	322	453.424	1.40815	1.40815
ENST00000368468	442	442	739.879	1.67393	1.67393
ENST00000275233	660	660	55.513	0.0841106	0.0841106
ENST00000360961	64	64	-18.275	-0.285547	-0.285547
ENST00000366795	144	144	48.849	0.339229	0.339229
ENST00000617924	145	145	-108.579	-0.748821	-0.748821
ENST00000366756	939	939	1543.36	1.64362	1.64362
ENST00000343242	241	220	490.987	2.03729	2.23176
ENST00000222725	88	88	16.487	0.187352	0.187352
ENST00000404826	335	335	222.115	0.66303	0.66303
ENST00000436587	294	294	723.138	2.45965	2.45965
ENST00000258761	115	115	390.773	3.39803	3.39803
ENST00000262067	213	180	109.94	0.51615	0.610778
ENST00000258742	38	38	-14.207	-0.373868	-0.373868
ENST00000265299	77	77	72.038	0.935558	0.935558
ENST00000350320	153	153	608.204	3.97519	3.97519
ENST00000222673	54	54	183.295	3.39435	3.39435
ENST00000275525	165	165	-87.47	-0.530121	-0.530121
ENST00000424337	277	277	839.704	3.03142	3.03142
ENST00000248594	252	252	744.961	2.95619	2.95619
ENST00000331536	216	216	-139.984	-0.648074	-0.648074
ENST00000287957	248	248	301.99	1.2177	1.2177
ENST00000612748	217	217	778.787	3.58888	3.58888
ENST00000447467	229	229	434.896	1.89911	1.89911
ENST00000313669	158	158	159.589	1.01006	1.01006
ENST00000257700	115	115	-52.493	-0.456461	-0.456461
ENST00000265717	203	177	288.728	1.42231	1.63123
ENST00000393386	339	339	8.989	0.0265162	0.0265162
ENST00000354725	180	180	206.404	1.14669	1.14669
ENST00000325006	47	16	56.894	1.21051	3.55587
ENST00000359579	345	345	-298.032	-0.863861	-0.863861
ENST00000242375	60	60	-9.413	-0.156883	-0.156883
ENST00000343526	290	290	589.484	2.0327	2.0327
ENST00000475153	290	290	-38.748	-0.133614	-0.133614
ENST00000223293	88	88	-13.987	-0.158943	-0.158943
ENST00000360937	58	58	47.637	0.821328	0.821328
ENST00000265854	263	263	7.342	0.0279163	0.0279163
ENST00000382368	135	135	200.635	1.48619	1.48619
ENST00000408931	480	452	195.308	0.406892	0.432097
ENST00000440378	300	300	145.938	0.48646	0.48646
ENST00000436072	280	278	29.075	0.103839	0.104586
ENST00000395749	173	173	662.821	3.83134	3.83134
ENST00000282869	1285	1285	-2130.26	-1.65779	-1.65779
ENST00000310842	723	718	1609.09	2.22557	2.24107
ENST00000361368	328	309	809.157	2.46694	2.61863
ENST00000299667	286	286	480	1.67832	1.67832
ENST00000622764	158	158	-89.017	-0.563399	-0.563399
ENST00000223051	43	43	58.903	1.36984	1.36984
ENST00000249330	216	216	637.314	2.95053	2.95053
ENST00000297431	109	109	-138.897	-1.27428	-1.27428
ENST00000415914	137	137	-202.659	-1.47926	-1.47926
ENST00000393085	259	259	523.068	2.01957	2.01957
ENST00000348225	296	296	505.997	1.70945	1.70945
ENST00000422774	120	103	130.892	1.09077	1.2708
ENST00000479870	230	230	65.263	0.283752	0.283752
ENST00000397977	122	122	92.26	0.75623	0.75623
ENST00000289921	104	91	48.401	0.465394	0.531879
ENST00000381237	146	146	61.258	0.419575	0.419575
ENST00000301904	299	299	289.809	0.969261	0.969261
ENST00000305188	70	70	1.26	0.018	0.018
ENST00000276533	155	155	-194.382	-1.25408	-1.25408
ENST00000260113	182	182	723.186	3.97355	3.97355
ENST00000455036	585	585	1991.9	3.40495	3.40495
ENST00000321764	371	371	-180.97	-0.48779	-0.48779
ENST00000523731	145	145	250.914	1.73044	1.73044
ENST00000334705	264	264	573.466	2.17222	2.17222
ENST00000521578	917	917	269.101	0.293458	0.293458
ENST00000292430	417	417	-348.397	-0.835484	-0.835484
ENST00000554914	91	91	-103.261	-1.13474	-1.13474
ENST00000314787	119	119	-158.134	-1.32886	-1.32886
ENST00000276416	70	70	158.187	2.25981	2.25981
ENST00000290271	283	283	883.582	3.1222	3.1222
ENST00000221200	187	187	637.758	3.41047	3.41047
ENST00000262644	282	282	101.941	0.361493	0.361493
ENST00000317995	253	253	-118.817	-0.469632	-0.469632
ENST00000379454	221	221	45.31	0.205023	0.205023
ENST00000276594	127	127	-39.705	-0.312638	-0.312638
ENST00000354724	104	104	279.499	2.68749	2.68749
ENST00000521988	318	318	663.665	2.087	2.087
ENST00000419617	148	148	347.445	2.3476	2.3476
ENST00000297578	170	164	165.476	0.973388	1.009
ENST00000398882	58	58	41.258	0.711345	0.711345
ENST00000442628	139	139	150.963	1.08606	1.08606
ENST00000616140	61	61	29.32	0.480656	0.480656
ENST00000617875	49	49	-70.027	-1.42912	-1.42912
ENST00000239316	105	105	-199.325	-1.89833	-1.89833
ENST00000340967	76	76	36.483	0.480039	0.480039
ENST00000342694	818	818	1593.83	1.94844	1.94844
ENST00000643932	220	217	787.407	3.57912	3.6286
ENST00000354323	86	86	84.314	0.980395	0.980395
ENST00000443779	382	382	17.394	0.045534	0.045534
ENST00000377798	100	100	-244.919	-2.44919	-2.44919
ENST00000375464	129	129	49.285	0.382054	0.382054
ENST00000375147	61	61	33.167	0.543721	0.543721
ENST00000322940	87	87	-93.321	-1.07266	-1.07266
ENST00000695401	76	76	101.778	1.33918	1.33918
ENST00000372642	185	185	-219.754	-1.18786	-1.18786
ENST00000318560	193	193	170.914	0.885565	0.885565
ENST00000402686	186	186	6.633	0.0356613	0.0356613
ENST00000371625	75	75	-27.833	-0.371107	-0.371107
ENST00000471521	61	61	-20.781	-0.340672	-0.340672
ENST00000645271	503	503	-202.139	-0.401867	-0.401867
ENST00000617270	263	237	1936.97	7.36489	8.17286
ENST00000381809	115	115	-59.621	-0.518443	-0.518443
ENST00000223864	269	269	-44.7	-0.166171	-0.166171
ENST00000321612	230	230	153.966	0.669417	0.669417
ENST00000380232	73	73	-10.014	-0.137178	-0.137178
ENST00000378103	524	524	676.93	1.29185	1.29185
ENST00000259667	63	63	-70.638	-1.12124	-1.12124
ENST00000622735	171	171	-41.266	-0.241322	-0.241322
ENST00000377561	332	332	-731.891	-2.20449	-2.20449
ENST00000376834	52	52	133.065	2.55894	2.55894
ENST00000376499	1307	1307	1530.47	1.17098	1.17098
ENST00000304195	170	170	321.761	1.89271	1.89271
ENST00000375256	338	338	514.371	1.52181	1.52181
ENST00000375077	79	79	212.462	2.68939	2.68939
ENST00000259407	211	211	-28.603	-0.135559	-0.135559
ENST00000374270	62	62	88.402	1.42584	1.42584
ENST00000350763	312	312	305.492	0.979141	0.979141
ENST00000373887	473	473	645.951	1.36565	1.36565
ENST00000259467	123	123	15.114	0.122878	0.122878
ENST00000373555	318	318	615.536	1.93565	1.93565
ENST00000336505	91	91	556.498	6.11536	6.11536
ENST00000335791	291	291	318.865	1.09576	1.09576
ENST00000647146	281	281	-168.445	-0.599448	-0.599448
ENST00000372040	281	281	-168.445	-0.599448	-0.599448
ENST00000684901	294	294	81.158	0.276048	0.276048
ENST00000298585	249	223	457.821	1.83864	2.05301
ENST00000381192	66	66	-26.353	-0.399288	-0.399288
ENST00000674429	505	505	-160.762	-0.318341	-0.318341
ENST00000361306	261	261	-78.515	-0.300824	-0.300824
ENST00000380155	113	104	-23.851	-0.211071	-0.229337
ENST00000397548	171	170	-718.567	-4.20215	-4.22686
ENST00000344302	191	191	-65.599	-0.34345	-0.34345
ENST00000334136	106	106	146.035	1.37769	1.37769
ENST00000621775	824	615	3147.75	3.82009	5.11829
ENST00000376091	401	401	1019.86	2.54329	2.54329
ENST00000338222	247	247	459.986	1.86229	1.86229
ENST00000374690	1126	1102	1824.2	1.62007	1.65536
ENST00000374360	367	367	1684.08	4.58878	4.58878
ENST00000276079	153	153	591.695	3.86729	3.86729
ENST00000373719	196	196	447.31	2.28219	2.28219
ENST00000633930	243	243	248.659	1.02329	1.02329
ENST00000373521	704	704	1137.91	1.61635	1.61635
ENST00000650309	86	86	47.633	0.553872	0.553872
ENST00000312600	199	199	493.531	2.48006	2.48006
ENST00000682573	688	688	569.278	0.827439	0.827439
ENST00000255499	213	213	154.674	0.726169	0.726169
ENST00000257017	101	101	362.899	3.59306	3.59306
ENST00000417443	188	186	-308.789	-1.64249	-1.66016
ENST00000243314	287	287	-2383.28	-8.30412	-8.30412
ENST00000330374	103	103	-101.124	-0.981786	-0.981786
ENST00000598523	308	308	-393.997	-1.27921	-1.27921
ENST00000370274	98	98	-9.51	-0.0970408	-0.0970408
ENST00000253122	649	637	1347.84	2.07679	2.11591
ENST00000390665	216	216	-159.869	-0.740134	-0.740134
ENST00000217939	166	166	62.967	0.379319	0.379319
ENST00000380420	196	196	34.712	0.177102	0.177102
ENST00000379942	182	182	63.343	0.348038	0.348038
ENST00000338883	247	247	-139.846	-0.566178	-0.566178
ENST00000378069	151	151	16.884	0.111815	0.111815
ENST00000376509	190	190	693.987	3.65256	3.65256
ENST00000642864	227	227	1055.66	4.65047	4.65047
ENST00000375135	802	802	2528.51	3.15275	3.15275
ENST00000374737	82	82	75.787	0.924232	0.924232
ENST00000373519	126	126	17.051	0.135325	0.135325
ENST00000332687	226	226	646.264	2.85958	2.85958
ENST00000373298	119	119	120.037	1.00871	1.00871
ENST00000373034	1676	1651	3287.98	1.9618	1.99151
ENST00000361910	344	344	207.525	0.60327	0.60327
ENST00000356824	511	511	669.482	1.31014	1.31014
ENST00000372774	250	250	-601.879	-2.40752	-2.40752
ENST00000372728	171	171	-109.98	-0.643158	-0.643158
ENST00000372383	368	368	816.356	2.21836	2.21836
ENST00000372042	108	108	253.54	2.34759	2.34759
ENST00000243213	97	97	14.282	0.147237	0.147237
ENST00000200639	127	127	25.036	0.197134	0.197134
ENST00000304661	143	143	204.368	1.42915	1.42915
ENST00000371126	206	206	-323.968	-1.57266	-1.57266
ENST00000371121	120	120	345.76	2.88133	2.88133
ENST00000429967	326	326	224.597	0.688948	0.688948
ENST00000361420	160	160	422.404	2.64002	2.64002
ENST00000370526	108	108	62.939	0.582769	0.582769
ENST00000370503	84	84	-267.51	-3.18464	-3.18464
ENST00000595065	287	287	-2154.94	-7.50849	-7.50849
ENST00000369807	230	230	16.401	0.0713087	0.0713087
ENST00000336079	69	69	-158.353	-2.29497	-2.29497
ENST00000649529	77	77	-68.269	-0.88661	-0.88661
ENST00000374642	82	82	70.005	0.85372	0.85372
ENST00000359858	132	132	10.283	0.0779015	0.0779015
ENST00000690025	131	131	-2.399	-0.018313	-0.018313
ENST00000420578	46	46	98.524	2.14183	2.14183
ENST00000309851	57	57	-270.434	-4.74446	-4.74446
ENST00000368694	295	283	743.205	2.51934	2.62617
ENST00000608999	153	153	339.217	2.2171	2.2171
ENST00000659997	454	454	626.76	1.38053	1.38053
ENST00000261461	701	672	1511.94	2.15684	2.24991
ENST00000259154	382	382	257.889	0.675102	0.675102
ENST00000366559	67	67	-17.276	-0.257851	-0.257851
ENST00000641925	477	477	-320.428	-0.671757	-0.671757
ENST00000354700	115	115	234.143	2.03603	2.03603
ENST00000675840	329	329	31.219	0.0948906	0.0948906
ENST00000357582	364	364	288.482	0.792533	0.792533
ENST00000373795	148	148	629.753	4.25509	4.25509
ENST00000373471	166	166	303.177	1.82637	1.82637
ENST00000521580	78	78	9.98	0.127949	0.127949
ENST00000371225	96	96	10.446	0.108813	0.108813
ENST00000370459	536	536	-24.219	-0.0451847	-0.0451847
ENST00000370238	267	267	253.697	0.950176	0.950176
ENST00000295682	80	80	45.912	0.5739	0.5739
ENST00000443193	82	82	25.613	0.312354	0.312354
ENST00000367797	95	95	-70.463	-0.741716	-0.741716
ENST00000281701	45	45	-56.594	-1.25764	-1.25764
ENST00000366554	115	115	-114.37	-0.994522	-0.994522
ENST00000604729	273	273	1126.21	4.1253	4.1253
ENST00000371627	265	265	699.492	2.63959	2.63959
ENST00000285605	147	147	283.9	1.93129	1.93129
ENST00000643721	139	139	281.419	2.0246	2.0246
ENST00000368984	100	100	83.093	0.83093	0.83093
ENST00000381312	375	375	236.17	0.629787	0.629787
ENST00000373232	102	102	62.189	0.609696	0.609696
ENST00000371464	83	83	90.418	1.08937	1.08937
ENST00000369103	81	81	111.288	1.37393	1.37393
ENST00000308020	177	177	165.749	0.936435	0.936435
ENST00000250003	212	212	133.984	0.632	0.632
ENST00000279230	120	120	286.269	2.38557	2.38557
ENST00000311445	282	282	1102.61	3.90998	3.90998
ENST00000325212	119	119	1.799	0.0151176	0.0151176
ENST00000282499	446	446	867.245	1.9445	1.9445
ENST00000327419	333	310	705.925	2.11989	2.27718
ENST00000264025	647	637	1619.81	2.50358	2.54288
ENST00000397196	198	196	196.452	0.992182	1.00231
ENST00000359062	748	723	547.969	0.732579	0.75791
ENST00000266987	126	126	625.071	4.96088	4.96088
ENST00000449592	144	144	331.839	2.30444	2.30444
ENST00000346342	51	51	-5.414	-0.106157	-0.106157
ENST00000216714	237	230	100.537	0.424207	0.437117
ENST00000304677	76	76	-5.122	-0.0673947	-0.0673947
ENST00000216807	179	179	723.882	4.04403	4.04403
ENST00000327720	253	253	148.495	0.586937	0.586937
ENST00000332981	523	523	1369.88	2.61927	2.61927
ENST00000250454	73	73	-88.951	-1.21851	-1.21851
ENST00000381346	61	61	-79.375	-1.30123	-1.30123
ENST00000355774	151	151	168.26	1.1143	1.1143
ENST00000261534	202	177	277.479	1.37366	1.56768
ENST00000216468	41	41	44.051	1.07441	1.07441
ENST00000649591	362	362	521.778	1.44138	1.44138
ENST00000267812	121	121	-3.819	-0.031562	-0.031562
ENST00000695545	164	164	139.26	0.849146	0.849146
ENST00000388820	244	244	212.783	0.872061	0.872061
ENST00000326266	292	292	213.91	0.732568	0.732568
ENST00000327827	401	401	841.005	2.09727	2.09727
ENST00000287667	131	127	148.995	1.13737	1.17319
ENST00000399336	139	135	176.741	1.27152	1.30919
ENST00000563197	70	70	50.429	0.720414	0.720414
ENST00000318663	222	222	131.071	0.59041	0.59041
ENST00000379378	73	73	447.036	6.12378	6.12378
ENST00000441236	299	299	-111.958	-0.374441	-0.374441
ENST00000570010	163	163	275.91	1.6927	1.6927
ENST00000622306	57	53	57.882	1.01547	1.09211
ENST00000262384	208	207	285.09	1.37062	1.37725
ENST00000289805	79	79	-64.122	-0.811671	-0.811671
ENST00000314728	459	459	696.745	1.51796	1.51796
ENST00000631683	1495	1495	2989.28	1.99952	1.99952
ENST00000571841	60	60	101.312	1.68853	1.68853
ENST00000360943	97	97	620.524	6.39715	6.39715
ENST00000535032	170	170	22.45	0.132059	0.132059
ENST00000611590	317	311	-244.754	-0.772095	-0.78699
ENST00000421807	113	113	-21.61	-0.191239	-0.191239
ENST00000269299	206	206	106.729	0.518102	0.518102
ENST00000320316	178	178	596.056	3.34863	3.34863
ENST00000302386	119	119	521.019	4.37831	4.37831
ENST00000226004	53	53	96.483	1.82043	1.82043
ENST00000253407	255	255	937.37	3.67596	3.67596
ENST00000536300	302	302	727.355	2.40846	2.40846
ENST00000240364	44	44	72.099	1.63861	1.63861
ENST00000225972	206	206	375.216	1.82144	1.82144
ENST00000577830	503	487	819.241	1.62871	1.68222
ENST00000225504	66	66	-47.69	-0.722576	-0.722576
ENST00000255641	512	512	1230.92	2.40413	2.40413
ENST00000242786	80	80	-25.508	-0.31885	-0.31885
ENST00000318596	156	156	245.452	1.57341	1.57341
ENST00000344519	144	144	-512.517	-3.55915	-3.55915
ENST00000331825	199	188	246.469	1.23854	1.31101
ENST00000447857	174	174	-9.129	-0.0524655	-0.0524655
ENST00000246794	179	179	204.048	1.13993	1.13993
ENST00000326764	167	167	259.815	1.55578	1.55578
ENST00000251372	198	198	-1220.36	-6.16346	-6.16346
ENST00000263095	414	394	-1002.61	-2.42177	-2.54471
ENST00000414468	260	260	-1008.9	-3.88038	-3.88038
ENST00000240731	179	179	-1025.42	-5.72863	-5.72863
ENST00000293725	151	151	-955.493	-6.32777	-6.32777
ENST00000308677	215	215	867.988	4.03715	4.03715
ENST00000262629	67	67	95.131	1.41987	1.41987
ENST00000322354	127	127	63.014	0.496173	0.496173
ENST00000457749	121	121	-1188.05	-9.81857	-9.81857
ENST00000595646	121	121	-1172.69	-9.69164	-9.69164
ENST00000683776	511	479	-2585.33	-5.05934	-5.39734
ENST00000314446	198	198	-979.546	-4.9472	-4.9472
ENST00000344887	143	102	107.302	0.750364	1.05198
ENST00000586929	395	395	-116.021	-0.293724	-0.293724
ENST00000324266	187	187	-136.989	-0.732562	-0.732562
ENST00000408999	122	122	109.89	0.900738	0.900738
ENST00000393110	448	448	335.243	0.74831	0.74831
ENST00000358196	225	225	296.848	1.31932	1.31932
ENST00000684293	203	203	429.718	2.11684	2.11684
ENST00000394967	139	139	572.208	4.1166	4.1166
ENST00000392318	232	232	124.954	0.538595	0.538595
ENST00000258411	144	144	605.375	4.20399	4.20399
ENST00000327435	44	44	-44.817	-1.01857	-1.01857
ENST00000263881	298	298	973.751	3.26762	3.26762
ENST00000616407	337	337	676.983	2.00885	2.00885
ENST00000263341	87	87	67.883	0.780264	0.780264
ENST00000263636	74	74	-54.423	-0.735446	-0.735446
ENST00000295113	85	85	66.992	0.788141	0.788141
ENST00000480798	237	214	-116.19	-0.490253	-0.542944
ENST00000374077	52	52	140.53	2.7025	2.7025
ENST00000609375	514	514	746.245	1.45184	1.45184
ENST00000371856	378	339	1133.63	2.99903	3.34405
ENST00000371652	86	86	212.207	2.46752	2.46752
ENST00000395042	293	293	588.642	2.00902	2.00902
ENST00000290349	92	92	-215.043	-2.33742	-2.33742
ENST00000314103	137	137	20.068	0.146482	0.146482
ENST00000343605	670	670	250.852	0.374406	0.374406
ENST00000407997	87	81	-204.62	-2.35195	-2.52617
ENST00000396398	515	515	-110.561	-0.214682	-0.214682
ENST00000644371	55	55	32.177	0.585036	0.585036
ENST00000477665	570	570	807.888	1.41735	1.41735
ENST00000296444	80	80	-23.297	-0.291213	-0.291213
ENST00000320431	219	219	-78.073	-0.356498	-0.356498
ENST00000232501	123	123	-6.473	-0.052626	-0.052626
ENST00000495880	205	205	773.102	3.77123	3.77123
ENST00000327532	362	362	-39.302	-0.108569	-0.108569
ENST00000360632	264	264	397.644	1.50623	1.50623
ENST00000643876	445	445	348.802	0.783825	0.783825
ENST00000643144	430	430	306.478	0.71274	0.71274
ENST00000463781	112	112	59.008	0.526857	0.526857
ENST00000672341	70	70	-9.67	-0.138143	-0.138143
ENST00000226796	55	55	80.167	1.45758	1.45758
ENST00000296543	273	273	1297.22	4.75171	4.75171
ENST00000306200	84	84	68.766	0.818643	0.818643
ENST00000040738	138	138	343.207	2.48701	2.48701
ENST00000344157	337	337	795.402	2.36024	2.36024
ENST00000394767	451	451	2108.13	4.67434	4.67434
ENST00000399132	546	546	389.996	0.714278	0.714278
ENST00000361717	283	276	-314.876	-1.11264	-1.14086
ENST00000649263	930	930	144.31	0.155172	0.155172
ENST00000380750	201	201	-77.546	-0.385801	-0.385801
ENST00000337273	77	77	357.172	4.6386	4.6386
ENST00000379982	347	347	245.436	0.707308	0.707308
ENST00000161863	202	202	-33.274	-0.164723	-0.164723
ENST00000379380	77	77	25.44	0.33039	0.33039
ENST00000200652	223	223	-126.936	-0.56922	-0.56922
ENST00000245407	263	256	-215.636	-0.819909	-0.842328
ENST00000545279	362	362	915.611	2.52931	2.52931
ENST00000194152	181	181	-135.906	-0.750862	-0.750862
ENST00000393915	61	61	-18.142	-0.29741	-0.29741
ENST00000308683	135	133	-264.359	-1.95821	-1.98766
ENST00000382065	88	88	147.865	1.68028	1.68028
ENST00000381405	76	76	117.392	1.54463	1.54463
ENST00000306442	100	100	-5.441	-0.05441	-0.05441
ENST00000389054	86	86	134.425	1.56308	1.56308
ENST00000645481	372	372	533.1	1.43306	1.43306
ENST00000259808	228	228	-91.331	-0.400575	-0.400575
ENST00000395388	64	64	-10.909	-0.170453	-0.170453
ENST00000275072	90	90	-96.985	-1.07761	-1.07761
ENST00000671876	362	362	-401.919	-1.11027	-1.11027
ENST00000344537	159	159	-78.108	-0.491245	-0.491245
ENST00000374975	63	63	-335.381	-5.32351	-5.32351
ENST00000360004	106	106	-451.844	-4.26268	-4.26268
ENST00000265350	121	121	-114.214	-0.943917	-0.943917
ENST00000193322	90	90	-19.406	-0.215622	-0.215622
ENST00000367739	58	58	-127.71	-2.2019	-2.2019
ENST00000367411	259	256	66.743	0.257695	0.260715
ENST00000367075	125	125	-5.378	-0.043024	-0.043024
ENST00000449726	351	351	233.48	0.665185	0.665185
ENST00000649409	75	75	261.414	3.48552	3.48552
ENST00000380050	307	307	670.467	2.18393	2.18393
ENST00000331410	221	221	-122.274	-0.553276	-0.553276
ENST00000222574	198	198	667.987	3.37367	3.37367
ENST00000315870	120	120	818.072	6.81727	6.81727
ENST00000425642	97	97	-44.548	-0.459258	-0.459258
ENST00000199389	92	92	-174.532	-1.89709	-1.89709
ENST00000418710	88	88	644.274	7.3213	7.3213
ENST00000320248	1167	1167	-523.4	-0.4485	-0.4485
ENST00000262096	242	242	495.043	2.04563	2.04563
ENST00000518322	98	98	37.412	0.381755	0.381755
ENST00000301258	44	44	14.5	0.329545	0.329545
ENST00000629816	311	311	193.861	0.623347	0.623347
ENST00000394909	93	93	-83.667	-0.899645	-0.899645
ENST00000381750	148	148	181.707	1.22775	1.22775
ENST00000414202	203	203	528.026	2.60111	2.60111
ENST00000374279	402	402	501.914	1.24854	1.24854
ENST00000374126	72	72	367.405	5.10285	5.10285
ENST00000328252	382	382	2074.23	5.42992	5.42992
ENST00000696149	150	150	-350.965	-2.33977	-2.33977
ENST00000297988	221	221	-19.535	-0.0883937	-0.0883937
ENST00000378909	222	222	554.433	2.49745	2.49745
ENST00000286713	63	63	-104.331	-1.65605	-1.65605
ENST00000373312	199	199	178.799	0.898487	0.898487
ENST00000340951	96	96	-34.957	-0.364135	-0.364135
ENST00000380861	325	325	381.353	1.17339	1.17339
ENST00000377073	91	91	45.287	0.497659	0.497659
ENST00000372548	103	103	-81.768	-0.793864	-0.793864
ENST00000342782	258	258	292.154	1.13238	1.13238
ENST00000393600	95	95	-113.475	-1.19447	-1.19447
ENST00000680255	231	231	61.988	0.268346	0.268346
ENST00000672987	126	126	309.482	2.45621	2.45621
ENST00000251900	121	121	249.178	2.05932	2.05932
ENST00000599218	76	76	158.028	2.07932	2.07932
ENST00000369850	245	245	278.085	1.13504	1.13504
