ENST00000378536_A	348	348	1545.87	4.44217	4.44217
ENST00000642557	63	63	-56.412	-0.895429	-0.895429
ENST00000377898	78	78	202.572	2.59708	2.59708
ENST00000377049	189	189	45.544	0.240974	0.240974
ENST00000196061	45	45	-8.278	-0.183956	-0.183956
ENST00000375766	45	45	7.27	0.161556	0.161556
ENST00000420770	63	63	147.477	2.3409	2.3409
ENST00000400181	87	87	156.472	1.79853	1.79853
ENST00000246151	36	36	1.04	0.0288889	0.0288889
ENST00000374332	120	120	41.725	0.347708	0.347708
ENST00000321265	36	36	33.641	0.934472	0.934472
ENST00000373884	75	75	-12.444	-0.16592	-0.16592
ENST00000373839	42	42	65.242	1.55338	1.55338
ENST00000343067	153	153	375.827	2.45639	2.45639
ENST00000327300	81	81	133.59	1.64926	1.64926
ENST00000373602	60	60	61.415	1.02358	1.02358
ENST00000373582	72	72	14.006	0.194528	0.194528
ENST00000373475	39	39	155.798	3.99482	3.99482
ENST00000372969	48	48	-16.878	-0.351625	-0.351625
ENST00000431473	108	108	128.494	1.18976	1.18976
ENST00000321358	96	96	687.16	7.15792	7.15792
ENST00000634258	45	45	80.704	1.79342	1.79342
ENST00000472174	57	57	75.251	1.32019	1.32019
ENST00000372289	171	171	112.714	0.659146	0.659146
ENST00000371901	90	90	-81.417	-0.904633	-0.904633
ENST00000313334	42	42	210.767	5.01826	5.01826
ENST00000294353	75	75	239.468	3.19291	3.19291
ENST00000302118	204	204	-192.948	-0.945824	-0.945824
ENST00000303721	42	42	6.21	0.147857	0.147857
ENST00000371208	96	96	127.263	1.32566	1.32566
ENST00000370986	87	87	234.491	2.6953	2.6953
ENST00000370938	117	117	-134.992	-1.15378	-1.15378
ENST00000370035	282	282	441.48	1.56553	1.56553
ENST00000369799	105	105	365.451	3.48049	3.48049
ENST00000369503	63	63	-7.394	-0.117365	-0.117365
ENST00000682167	45	45	12.332	0.274044	0.274044
ENST00000322209	66	66	98.586	1.49373	1.49373
ENST00000368910	51	51	47.692	0.935137	0.935137
ENST00000368888	42	42	192.294	4.57843	4.57843
ENST00000356955	45	45	130.445	2.89878	2.89878
ENST00000368408	66	66	390.022	5.90942	5.90942
ENST00000368407	84	84	98.226	1.16936	1.16936
ENST00000368324	48	48	104.372	2.17442	2.17442
ENST00000368216	60	60	-4.669	-0.0778167	-0.0778167
ENST00000361216	81	81	167.285	2.06525	2.06525
ENST00000309758	33	33	-36.777	-1.11445	-1.11445
ENST00000358671	54	54	-26.256	-0.486222	-0.486222
ENST00000367879	183	183	244.918	1.33835	1.33835
ENST00000367763	57	57	-0.758999	-0.0133158	-0.0133158
ENST00000239461	54	54	434.95	8.05463	8.05463
ENST00000340385	36	36	9.771	0.271417	0.271417
ENST00000649689	42	42	9.107	0.216833	0.216833
ENST00000681986	141	141	422.388	2.99566	2.99566
ENST00000258341	108	108	132.603	1.22781	1.22781
ENST00000362011	66	66	58.038	0.879364	0.879364
ENST00000343110	42	42	186.841	4.4486	4.4486
ENST00000339876	306	292	706.906	2.31015	2.42091
ENST00000331555	57	57	-27.39	-0.480526	-0.480526
ENST00000367103	177	177	541.43	3.05893	3.05893
ENST00000367057	57	57	38.305	0.672018	0.672018
ENST00000367042	87	87	-309.784	-3.56074	-3.56074
ENST00000361322	33	33	133.474	4.04467	4.04467
ENST00000366903	201	201	169.863	0.84509	0.84509
ENST00000366618	33	33	67.535	2.04652	2.04652
ENST00000358704	42	42	325.035	7.73893	7.73893
ENST00000270708	66	66	-89.058	-1.34936	-1.34936
ENST00000400908	102	102	864.422	8.47473	8.47473
ENST00000376692	69	69	15.578	0.225768	0.225768
ENST00000455833	105	105	574.81	5.47438	5.47438
ENST00000375078	69	69	421.702	6.11162	6.11162
ENST00000302271	51	51	291.424	5.7142	5.7142
ENST00000336689	45	45	69.987	1.55527	1.55527
ENST00000374561	45	45	-42.963	-0.954733	-0.954733
ENST00000617979	99	99	25.262	0.255172	0.255172
ENST00000455785	45	45	211.083	4.69073	4.69073
ENST00000374282	51	51	26.808	0.525647	0.525647
ENST00000235532	51	51	-14.464	-0.283608	-0.283608
ENST00000372858	33	33	180.86	5.48061	5.48061
ENST00000072644	45	45	58.277	1.29504	1.29504
ENST00000371222	66	66	231.901	3.51365	3.51365
ENST00000370574	120	120	-90.656	-0.755467	-0.755467
ENST00000334047	87	87	-20.289	-0.233207	-0.233207
ENST00000287482	42	42	14.3	0.340476	0.340476
ENST00000369962	114	114	151.611	1.32992	1.32992
ENST00000369769	33	33	43.925	1.33106	1.33106
ENST00000682118	240	240	-469.309	-1.95545	-1.95545
ENST00000368723	36	36	-28.227	-0.784083	-0.784083
ENST00000368719	39	39	-1.485	-0.0380769	-0.0380769
ENST00000368706	54	54	56.615	1.04843	1.04843
ENST00000368463	36	36	15.123	0.420083	0.420083
ENST00000368361	114	114	827.449	7.25832	7.25832
ENST00000357325	150	148	745.359	4.96906	5.03621
ENST00000423014	66	66	-74.667	-1.13132	-1.13132
ENST00000236137	114	114	25.53	0.223947	0.223947
ENST00000361580	48	48	108.076	2.25158	2.25158
ENST00000367558	102	102	-35.929	-0.352245	-0.352245
ENST00000255409	63	63	-5.656	-0.0897778	-0.0897778
ENST00000359470	132	132	438.101	3.31895	3.31895
ENST00000367033	84	84	105.691	1.25823	1.25823
ENST00000366923	84	84	-55.687	-0.66294	-0.66294
ENST00000343410	39	39	8.023	0.205718	0.205718
ENST00000366607	36	36	-14.316	-0.397667	-0.397667
ENST00000490107	42	42	-54.512	-1.2979	-1.2979
ENST00000366514	33	33	-16.639	-0.504212	-0.504212
ENST00000298375	57	57	-40.241	-0.705982	-0.705982
ENST00000355029	60	60	93.878	1.56463	1.56463
ENST00000379775	279	279	356.403	1.27743	1.27743
ENST00000376454	45	45	132.361	2.94136	2.94136
ENST00000263559	60	60	155.195	2.58658	2.58658
ENST00000335350	180	180	881.718	4.89843	4.89843
ENST00000307365	39	39	50.535	1.29577	1.29577
ENST00000357321	45	45	64.643	1.43651	1.43651
ENST00000372017	33	33	-1.183	-0.0358485	-0.0358485
ENST00000371795	60	60	-51.873	-0.86455	-0.86455
ENST00000298068	45	45	70.466	1.56591	1.56591
ENST00000684270	60	60	21.662	0.361033	0.361033
ENST00000369902	69	69	69.745	1.0108	1.0108
ENST00000448841	39	22	203.624	5.22113	9.25564
ENST00000369583	189	186	255.19	1.35021	1.37199
ENST00000369248	165	165	666.558	4.03975	4.03975
ENST00000369085	261	261	823.786	3.15627	3.15627
ENST00000455566	66	66	54.617	0.82753	0.82753
ENST00000338492	111	111	-24.493	-0.220658	-0.220658
ENST00000280886	45	45	127.547	2.83438	2.83438
ENST00000378076	93	93	12.476	0.134151	0.134151
ENST00000298943	93	93	623.143	6.70046	6.70046
ENST00000376980	87	87	94.299	1.0839	1.0839
ENST00000376016	57	8	6.517	0.114333	0.814625
ENST00000242462	168	168	10.186	0.060631	0.060631
ENST00000672957	39	39	39.299	1.00767	1.00767
ENST00000336233	39	39	-23.487	-0.602231	-0.602231
ENST00000331272	48	48	82.182	1.71213	1.71213
ENST00000361464	216	216	677.275	3.13553	3.13553
ENST00000369209	36	36	32.759	0.909972	0.909972
ENST00000369077	216	216	218.474	1.01145	1.01145
ENST00000358487	102	102	408.07	4.00069	4.00069
ENST00000241305	93	93	59.676	0.641677	0.641677
ENST00000532097	45	45	-122.44	-2.72089	-2.72089
ENST00000409548	114	114	-134.132	-1.1766	-1.1766
ENST00000336615	96	96	2.697	0.0280937	0.0280937
ENST00000525077	45	45	-9.859	-0.219089	-0.219089
ENST00000397420	60	60	12.124	0.202067	0.202067
ENST00000649076	186	186	-13.668	-0.0734839	-0.0734839
ENST00000300738	33	33	20.606	0.624424	0.624424
ENST00000280734	48	48	52.824	1.1005	1.1005
ENST00000349880	69	69	484.074	7.01557	7.01557
ENST00000324559	294	294	-270.102	-0.918714	-0.918714
ENST00000407364	60	60	86.679	1.44465	1.44465
ENST00000054950	57	57	10.598	0.18593	0.18593
ENST00000257836	204	204	71.701	0.351475	0.351475
ENST00000341394	123	123	357.89	2.90967	2.90967
ENST00000617612	117	117	417.815	3.57107	3.57107
ENST00000335099	318	263	719.279	2.26188	2.7349
ENST00000394900	42	42	28.372	0.675524	0.675524
ENST00000345728	42	42	13.668	0.325429	0.325429
ENST00000649896	39	39	13.538	0.347128	0.347128
ENST00000265465	39	39	13.538	0.347128	0.347128
ENST00000308342	48	48	5.791	0.120646	0.120646
ENST00000301838	144	142	-156.371	-1.08591	-1.1012
ENST00000263681	51	51	-3.24	-0.0635294	-0.0635294
ENST00000305494	78	78	16.001	0.205141	0.205141
ENST00000533122	99	99	-173.113	-1.74862	-1.74862
ENST00000322536	36	36	-33.392	-0.927556	-0.927556
ENST00000440460	75	75	160.366	2.13821	2.13821
ENST00000357685	69	69	27.163	0.393667	0.393667
ENST00000316851	90	90	256.076	2.84529	2.84529
ENST00000317011	75	75	282.346	3.76461	3.76461
ENST00000311413	69	67	1.432	0.0207536	0.0213731
ENST00000397801	114	114	319.247	2.80041	2.80041
ENST00000425380	126	126	50.418	0.400143	0.400143
ENST00000299164	159	159	238.451	1.49969	1.49969
ENST00000431843	120	120	86.029	0.716908	0.716908
ENST00000317204	90	90	32.718	0.363533	0.363533
ENST00000397068	48	48	-27.041	-0.563354	-0.563354
ENST00000396777	132	132	565.91	4.2872	4.2872
ENST00000534025	87	87	72.517	0.833529	0.833529
ENST00000528080	102	102	25.394	0.248961	0.248961
ENST00000336349	51	51	39.914	0.782627	0.782627
ENST00000524983	117	117	213.376	1.82373	1.82373
ENST00000378538	48	48	192.672	4.014	4.014
ENST00000256999	75	75	-55.138	-0.735173	-0.735173
ENST00000278426	243	243	43.007	0.176984	0.176984
ENST00000332539	54	54	3.684	0.0682222	0.0682222
ENST00000309318	48	42	158.35	3.29896	3.77024
ENST00000533211	48	48	56.495	1.17698	1.17698
ENST00000312419	78	78	335.892	4.30631	4.30631
ENST00000326294	39	39	4.791	0.122846	0.122846
ENST00000255087	63	63	-15.445	-0.245159	-0.245159
ENST00000355527	33	33	-20.233	-0.613121	-0.613121
ENST00000298231	108	108	267.038	2.47257	2.47257
ENST00000334805	102	102	360.278	3.53214	3.53214
ENST00000356467	120	120	439.956	3.6663	3.6663
ENST00000298198	42	42	52.291	1.24502	1.24502
ENST00000393346	213	207	599.816	2.81604	2.89766
ENST00000329862	99	99	-209.429	-2.11544	-2.11544
ENST00000344327	177	177	-84.856	-0.479412	-0.479412
ENST00000393067	93	93	546.162	5.87271	5.87271
ENST00000614497	36	36	33.664	0.935111	0.935111
ENST00000526014	36	36	33.664	0.935111	0.935111
ENST00000683865	237	237	1008.26	4.25426	4.25426
ENST00000278927	36	31	37.061	1.02947	1.19552
ENST00000266557	132	132	11.37	0.0861364	0.0861364
ENST00000266556	165	165	25.383	0.153836	0.153836
ENST00000309083	219	219	686.893	3.1365	3.1365
ENST00000011653	180	178	105.364	0.585356	0.591933
ENST00000162391	258	258	683.619	2.64969	2.64969
ENST00000014914	81	78	-23.219	-0.286654	-0.297679
ENST00000381271	57	57	26.365	0.462544	0.462544
ENST00000536681	165	165	160.438	0.972352	0.972352
ENST00000534526	87	87	-16.455	-0.189138	-0.189138
ENST00000308742	33	33	10.795	0.327121	0.327121
ENST00000334344	33	33	95.56	2.89576	2.89576
ENST00000442218	48	48	30.987	0.645563	0.645563
ENST00000301464	33	33	59.357	1.7987	1.7987
ENST00000243108	57	57	550.276	9.65396	9.65396
ENST00000266971	48	48	12.926	0.269292	0.269292
ENST00000394048	33	33	11.195	0.339242	0.339242
ENST00000308197	156	156	22.556	0.14459	0.14459
ENST00000266646	135	135	136.842	1.01364	1.01364
ENST00000455537	60	60	82.341	1.37235	1.37235
ENST00000266643	72	72	131.19	1.82208	1.82208
ENST00000229195	39	39	366.856	9.40656	9.40656
ENST00000415493	66	66	186.258	2.82209	2.82209
ENST00000229266	150	150	13.534	0.0902267	0.0902267
ENST00000258534	99	93	-1.199	-0.0121111	-0.0128925
ENST00000332180	36	36	49.753	1.38203	1.38203
ENST00000228506	57	57	197.64	3.46737	3.46737
ENST00000261822	96	96	450.389	4.69155	4.69155
ENST00000546355	117	117	82.24	0.702906	0.702906
ENST00000435159	168	146	-17.199	-0.102375	-0.117801
ENST00000683879	240	240	806.805	3.36169	3.36169
ENST00000228251	123	123	427.268	3.47372	3.47372
ENST00000451604	54	54	383.965	7.11046	7.11046
ENST00000343028	147	135	-3.868	-0.0263129	-0.0286519
ENST00000357869	174	174	305.432	1.75536	1.75536
ENST00000309739	54	54	46.331	0.857981	0.857981
ENST00000301068	63	63	112.99	1.79349	1.79349
ENST00000334221	159	159	702.462	4.418	4.418
ENST00000305879	54	54	103.367	1.9142	1.9142
ENST00000398189	69	69	21.338	0.309246	0.309246
ENST00000258145	81	81	-20.139	-0.24863	-0.24863
ENST00000552864	138	138	536.812	3.88994	3.88994
ENST00000553106	54	54	-25.062	-0.464111	-0.464111
ENST00000429722	42	42	-14.599	-0.347595	-0.347595
ENST00000318348	132	132	386.038	2.92453	2.92453
ENST00000354300	165	165	379.606	2.30064	2.30064
ENST00000419234	99	99	264.028	2.66695	2.66695
ENST00000680972	33	33	-17.578	-0.532667	-0.532667
ENST00000261731	129	129	287.51	2.22876	2.22876
ENST00000376874	87	87	125.205	1.43914	1.43914
ENST00000241463	72	72	-33.092	-0.459611	-0.459611
ENST00000380482	231	231	-96.565	-0.41803	-0.41803
ENST00000379406	75	75	5.707	0.0760933	0.0760933
ENST00000398795	69	57	47.685	0.691087	0.836579
ENST00000379179	63	63	69.626	1.10517	1.10517
ENST00000282026	42	42	13.762	0.327667	0.327667
ENST00000258607	42	30	-59.313	-1.41221	-1.9771
ENST00000377918	66	66	145.774	2.2087	2.2087
ENST00000602402	48	48	65.895	1.37281	1.37281
ENST00000376335	126	126	176.325	1.3994	1.3994
ENST00000376180	123	123	73.535	0.597846	0.597846
ENST00000376052	39	39	87.078	2.23277	2.23277
ENST00000314759	69	69	-172.934	-2.50629	-2.50629
ENST00000282397	168	168	128.26	0.763452	0.763452
ENST00000320027	258	235	54.483	0.211174	0.231843
ENST00000379919	105	105	714.238	6.80227	6.80227
ENST00000379483	48	4	14.705	0.306354	3.67625
ENST00000379310	66	66	-19.323	-0.292773	-0.292773
ENST00000377962	81	81	37.758	0.466148	0.466148
ENST00000355619	228	228	553.484	2.42756	2.42756
ENST00000376945	159	159	346.428	2.17879	2.17879
ENST00000400198	123	123	107.696	0.875577	0.875577
ENST00000375856	177	177	148.425	0.838559	0.838559
ENST00000375431	33	33	-27.839	-0.843606	-0.843606
ENST00000359591	150	150	229.586	1.53057	1.53057
ENST00000319074	39	39	79.672	2.04287	2.04287
ENST00000684589	78	78	325.599	4.17435	4.17435
ENST00000261556	102	102	-130.648	-1.28086	-1.28086
ENST00000304743	60	60	224.599	3.74332	3.74332
ENST00000644200	39	39	-13.156	-0.337333	-0.337333
ENST00000303562	147	147	256.652	1.74593	1.74593
ENST00000393078	45	45	-83.658	-1.85907	-1.85907
ENST00000560869	36	36	43.332	1.20367	1.20367
ENST00000392593	51	51	10.045	0.196961	0.196961
ENST00000392554	81	81	21.607	0.266753	0.266753
ENST00000216297	60	60	270.139	4.50232	4.50232
ENST00000342213	33	33	20.349	0.616636	0.616636
ENST00000684578	36	36	104.441	2.90114	2.90114
ENST00000216410	141	141	153.801	1.09079	1.09079
ENST00000316836	48	48	7.39	0.153958	0.153958
ENST00000261978	258	253	66.803	0.258926	0.264043
ENST00000251089	42	42	9.164	0.21819	0.21819
ENST00000336735	69	69	107.837	1.56286	1.56286
ENST00000298894	54	54	-24.295	-0.449907	-0.449907
ENST00000216281	39	39	-52.684	-1.35087	-1.35087
ENST00000348956	54	54	21.999	0.407389	0.407389
ENST00000286953	48	48	-53.254	-1.10946	-1.10946
ENST00000638170	66	66	394.108	5.97133	5.97133
ENST00000562188	51	51	52.15	1.02255	1.02255
ENST00000267842	57	57	86.684	1.52077	1.52077
ENST00000306917	36	36	238.727	6.63131	6.63131
ENST00000260382	42	42	66.412	1.58124	1.58124
ENST00000340912	66	66	187.093	2.83474	2.83474
ENST00000261908	180	153	244.486	1.35826	1.59795
ENST00000299565	141	141	-131.293	-0.931156	-0.931156
ENST00000332810	63	63	-4.015	-0.0637302	-0.0637302
ENST00000411539	69	69	22.891	0.331754	0.331754
ENST00000268184	63	46	26.633	0.422746	0.578978
ENST00000355112	63	63	29.304	0.465143	0.465143
ENST00000268164	153	153	312.503	2.0425	2.0425
ENST00000649030	39	39	23.401	0.600026	0.600026
ENST00000314891	48	48	70.262	1.46379	1.46379
ENST00000354670	84	84	458.255	5.45542	5.45542
ENST00000261854	42	42	-9.581	-0.228119	-0.228119
ENST00000249822	90	90	89.535	0.994833	0.994833
ENST00000288235	66	66	145.282	2.20124	2.20124
ENST00000345330	42	42	93.073	2.21602	2.21602
ENST00000326828	195	195	-192.877	-0.989113	-0.989113
ENST00000267953	39	39	-37.677	-0.966077	-0.966077
ENST00000252951	42	42	-20.917	-0.498024	-0.498024
ENST00000424439	468	463	238.999	0.510682	0.516197
ENST00000389703	66	66	14.486	0.219485	0.219485
ENST00000545450	66	66	-58.641	-0.8885	-0.8885
ENST00000397514	48	48	104.18	2.17042	2.17042
ENST00000568546	96	96	-27.274	-0.284104	-0.284104
ENST00000330398	120	120	30.041	0.250342	0.250342
ENST00000304735	129	129	117.432	0.910326	0.910326
ENST00000268261	33	33	-50.668	-1.53539	-1.53539
ENST00000558583	372	325	902.788	2.42685	2.77781
ENST00000355377	372	372	1204.34	3.23748	3.23748
ENST00000330181	207	207	-88.272	-0.426435	-0.426435
ENST00000652691	69	69	42.108	0.610261	0.610261
ENST00000251303	207	205	-94.034	-0.454271	-0.458702
ENST00000613509	42	42	37.844	0.901048	0.901048
ENST00000394636	222	222	848.744	3.82317	3.82317
ENST00000403458	141	141	-63.672	-0.451574	-0.451574
ENST00000648994	42	42	30.74	0.731905	0.731905
ENST00000393306	81	81	-11.715	-0.14463	-0.14463
ENST00000614302	63	63	-75.277	-1.19487	-1.19487
ENST00000319518	33	33	-2.888	-0.0875152	-0.0875152
ENST00000007264	90	90	-48.111	-0.534567	-0.534567
ENST00000283429	93	93	-92.638	-0.996108	-0.996108
ENST00000344836	396	356	1113.19	2.81108	3.12694
ENST00000434724	78	30	133.111	1.70655	4.43703
ENST00000304414	36	36	-27.612	-0.767	-0.767
ENST00000300571	117	117	219.789	1.87854	1.87854
ENST00000572914	36	36	-39.914	-1.10872	-1.10872
ENST00000268383	93	93	177.139	1.90472	1.90472
ENST00000262525	162	162	639.081	3.94494	3.94494
ENST00000215115	75	75	217.641	2.90188	2.90188
ENST00000317508	141	141	132.599	0.940418	0.940418
ENST00000394688	123	123	716.298	5.82356	5.82356
ENST00000290649	81	81	187.323	2.31263	2.31263
ENST00000300291	45	45	46.8	1.04	1.04
ENST00000299237	42	42	273.783	6.51864	6.51864
ENST00000394106	48	48	122.819	2.55873	2.55873
ENST00000299759	123	123	17.006	0.13826	0.13826
ENST00000345057	48	48	45.076	0.939083	0.939083
ENST00000261772	45	45	14.129	0.313978	0.313978
ENST00000326043	96	96	635.041	6.61501	6.61501
ENST00000301015	225	225	40.869	0.18164	0.18164
ENST00000453066	33	33	76.569	2.32027	2.32027
ENST00000254719	45	45	-4.99	-0.110889	-0.110889
ENST00000248378	42	42	52.387	1.24731	1.24731
ENST00000269260	87	87	336.878	3.87216	3.87216
ENST00000329125	87	87	104.135	1.19695	1.19695
ENST00000262482	54	54	50.708	0.939037	0.939037
ENST00000572447	42	42	23.032	0.548381	0.548381
ENST00000314666	102	102	-6.049	-0.0593039	-0.0593039
ENST00000395604	117	117	55.672	0.475829	0.475829
ENST00000176643	177	177	-203.857	-1.15173	-1.15173
ENST00000394859	426	426	1239.93	2.91062	2.91062
ENST00000613102	171	171	649.216	3.79658	3.79658
ENST00000254079	246	239	132.417	0.53828	0.554046
ENST00000269593	84	55	22.106	0.263167	0.401927
ENST00000393892	42	42	76.562	1.8229	1.8229
ENST00000343619	93	93	69.849	0.751065	0.751065
ENST00000538716	69	69	161.829	2.34535	2.34535
ENST00000172229	81	64	91.256	1.12662	1.42587
ENST00000284073	45	45	235.353	5.23007	5.23007
ENST00000240328	162	162	513.25	3.16821	3.16821
ENST00000533854	216	216	-58.058	-0.268787	-0.268787
ENST00000330459	72	72	47.722	0.662806	0.662806
ENST00000621439	48	48	-46.771	-0.974396	-0.974396
ENST00000243457	75	75	487.914	6.50552	6.50552
ENST00000579469	51	51	13.424	0.263216	0.263216
ENST00000589666	45	45	446.072	9.91271	9.91271
ENST00000327490	102	102	64.103	0.628461	0.628461
ENST00000341249	189	189	295.103	1.56139	1.56139
ENST00000336868	45	45	144.699	3.21553	3.21553
ENST00000264335	66	66	355.87	5.39197	5.39197
ENST00000263073	54	54	228.629	4.23387	4.23387
ENST00000293778	384	384	-145.641	-0.379273	-0.379273
ENST00000225296	78	78	-11.199	-0.143577	-0.143577
ENST00000007699	33	33	148.39	4.49667	4.49667
ENST00000619711	198	198	546.131	2.75824	2.75824
ENST00000575771	42	42	52.904	1.25962	1.25962
ENST00000448843	231	231	45.882	0.198623	0.198623
ENST00000437139	51	51	2.391	0.0468824	0.0468824
ENST00000399277	51	51	-98.169	-1.92488	-1.92488
ENST00000612814	69	69	-56.867	-0.824159	-0.824159
ENST00000378895	57	57	18.7	0.32807	0.32807
ENST00000225388	51	51	296.38	5.81137	5.81137
ENST00000225394	36	36	140.087	3.89131	3.89131
ENST00000261714	39	39	37.017	0.949154	0.949154
ENST00000628453	189	189	53.408	0.282582	0.282582
ENST00000619039	48	48	238.967	4.97848	4.97848
ENST00000304046	87	87	168.433	1.93601	1.93601
ENST00000352035	57	57	58.965	1.03447	1.03447
ENST00000262407	153	153	165.414	1.08114	1.08114
ENST00000225603	162	149	496.661	3.06581	3.3333
ENST00000502492	51	51	43.056	0.844235	0.844235
ENST00000433197	69	69	169.583	2.45772	2.45772
ENST00000439174	141	141	550.74	3.90596	3.90596
ENST00000392621	111	111	-173.318	-1.56142	-1.56142
ENST00000425042	72	72	95.839	1.3311	1.3311
ENST00000207549	57	57	80.727	1.41626	1.41626
ENST00000301634	39	39	-48.515	-1.24397	-1.24397
ENST00000261601	57	57	44.353	0.778123	0.778123
ENST00000254528	132	132	58.646	0.444288	0.444288
ENST00000322897	60	60	-39.355	-0.655917	-0.655917
ENST00000261537	189	189	453.838	2.40126	2.40126
ENST00000269221	45	45	11.992	0.266489	0.266489
ENST00000317571	45	45	49.805	1.10678	1.10678
ENST00000261292	156	153	35.221	0.225776	0.230203
ENST00000400345	84	84	117.167	1.39485	1.39485
ENST00000299727	669	669	-399.515	-0.597182	-0.597182
ENST00000613122	78	68	46.265	0.593141	0.680368
ENST00000262198	87	87	167.202	1.92186	1.92186
ENST00000400256	54	54	108.853	2.0158	2.0158
ENST00000269228	87	87	-81.199	-0.933322	-0.933322
ENST00000360428	72	72	-55.178	-0.766361	-0.766361
ENST00000285106	57	57	13.69	0.240175	0.240175
ENST00000256854	45	45	65.274	1.45053	1.45053
ENST00000645214	60	60	4.711	0.0785167	0.0785167
ENST00000299608	36	36	-4.335	-0.120417	-0.120417
ENST00000419743	33	6	32.008	0.969939	5.33467
ENST00000234371	36	36	15.397	0.427694	0.427694
ENST00000263620	141	141	365.931	2.59526	2.59526
ENST00000215368	48	48	192.219	4.00456	4.00456
ENST00000233596	57	57	36.673	0.643386	0.643386
ENST00000307741	69	69	-5.987	-0.0867681	-0.0867681
ENST00000246112	63	63	-4.884	-0.0775238	-0.0775238
ENST00000333651	63	63	272.852	4.33098	4.33098
ENST00000588852	36	36	76.501	2.12503	2.12503
ENST00000588776	42	42	-15.48	-0.368571	-0.368571
ENST00000327064	51	51	81.949	1.60684	1.60684
ENST00000222250	87	87	-49.808	-0.572506	-0.572506
ENST00000262817	36	36	31.519	0.875528	0.875528
ENST00000252575	78	78	223.886	2.87033	2.87033
ENST00000597761	135	135	-501.25	-3.71296	-3.71296
ENST00000335523	537	537	1136.25	2.11592	2.11592
ENST00000639142	231	221	-212.562	-0.920182	-0.961819
ENST00000392213	78	78	119.087	1.52676	1.52676
ENST00000301159	87	87	58.867	0.676632	0.676632
ENST00000392153	105	105	39.449	0.375705	0.375705
ENST00000425673	90	90	121.887	1.3543	1.3543
ENST00000357052	75	75	179.347	2.39129	2.39129
ENST00000594136	75	75	179.347	2.39129	2.39129
ENST00000270014	45	45	-256.117	-5.69149	-5.69149
ENST00000313040	54	54	-15.984	-0.296	-0.296
ENST00000353609	276	276	865.304	3.13516	3.13516
ENST00000201586	60	60	44.09	0.734833	0.734833
ENST00000270645	36	36	17.647	0.490194	0.490194
ENST00000250340	114	114	20.976	0.184	0.184
ENST00000270458	84	84	335.99	3.99988	3.99988
ENST00000205194	78	78	112.91	1.44756	1.44756
ENST00000434937	42	42	-163.706	-3.89776	-3.89776
ENST00000341750	42	42	-101.298	-2.41186	-2.41186
ENST00000337080	69	69	-51.795	-0.750652	-0.750652
ENST00000302804	111	111	-149.359	-1.34558	-1.34558
ENST00000321545	216	216	-735.412	-3.40469	-3.40469
ENST00000543226	156	156	-305.994	-1.9615	-1.9615
ENST00000282292	63	63	-410.613	-6.51767	-6.51767
ENST00000282296	114	114	-508.545	-4.46092	-4.46092
ENST00000594901	174	173	-743.031	-4.27029	-4.29498
ENST00000585675	45	45	-126.866	-2.81924	-2.81924
ENST00000355415	57	57	-25.747	-0.451702	-0.451702
ENST00000545797	204	204	-94.024	-0.460902	-0.460902
ENST00000301480	147	147	-754.915	-5.13548	-5.13548
ENST00000341191	111	108	-862.407	-7.76943	-7.98525
ENST00000598753	144	144	-643.237	-4.46692	-4.46692
ENST00000397732	144	144	-643.237	-4.46692	-4.46692
ENST00000586783	363	363	-80.435	-0.221584	-0.221584
ENST00000588872	42	42	25.699	0.611881	0.611881
ENST00000263382	102	77	11.403	0.111794	0.148091
ENST00000221730	207	207	51.209	0.247386	0.247386
ENST00000343625	48	48	81.054	1.68862	1.68862
ENST00000443236	141	141	47.84	0.339291	0.339291
ENST00000341130	189	189	-56.378	-0.298296	-0.298296
ENST00000389363	45	45	4.084	0.0907556	0.0907556
ENST00000339686	159	159	-4.752	-0.0298868	-0.0298868
ENST00000246532	33	33	19.983	0.605545	0.605545
ENST00000586606	48	48	-184.432	-3.84233	-3.84233
ENST00000355202	81	81	-259.85	-3.20802	-3.20802
ENST00000390658	33	33	-10.127	-0.306879	-0.306879
ENST00000221930	696	696	1436.27	2.06361	2.06361
ENST00000244336	75	75	-195.445	-2.60593	-2.60593
ENST00000327495	51	51	-172.163	-3.37575	-3.37575
ENST00000436291	75	75	-355.948	-4.74597	-4.74597
ENST00000406487	75	75	-310.701	-4.14268	-4.14268
ENST00000405312	75	75	-296.634	-3.95512	-3.95512
ENST00000270077	75	75	-299.417	-3.99223	-3.99223
ENST00000300811	180	180	462.869	2.57149	2.57149
ENST00000648319	87	87	431.919	4.96459	4.96459
ENST00000614994	72	72	-52.462	-0.728639	-0.728639
ENST00000360957	60	60	228.612	3.8102	3.8102
ENST00000322217	81	81	332.331	4.10285	4.10285
ENST00000617053	99	99	21.88	0.22101	0.22101
ENST00000236877	48	48	70.589	1.4706	1.4706
ENST00000222145	81	81	184.059	2.27233	2.27233
ENST00000322344	42	42	-30.696	-0.730857	-0.730857
ENST00000421832	51	43	-48.577	-0.95249	-1.1297
ENST00000196489	78	78	-445.517	-5.71176	-5.71176
ENST00000435989	120	120	-839.197	-6.99331	-6.99331
ENST00000396290	54	54	45.695	0.846204	0.846204
ENST00000272233	69	69	204.147	2.95865	2.95865
ENST00000401533	60	60	150.778	2.51297	2.51297
ENST00000260598	195	195	148.342	0.760728	0.760728
ENST00000380171	165	165	-96.459	-0.5846	-0.5846
ENST00000379852	60	60	213.744	3.5624	3.5624
ENST00000395366	39	39	167.71	4.30026	4.30026
ENST00000405094	63	53	196.384	3.11721	3.70536
ENST00000378494	33	33	-21.03	-0.637273	-0.637273
ENST00000238892	48	43	-20.778	-0.432875	-0.483209
ENST00000294952	72	72	247.777	3.44135	3.44135
ENST00000233114	48	48	-5.905	-0.123021	-0.123021
ENST00000264447	198	198	1528.41	7.71923	7.71923
ENST00000357877	51	51	50.756	0.995216	0.995216
ENST00000272395	60	60	-153.412	-2.55687	-2.55687
ENST00000651691	60	60	-94.806	-1.5801	-1.5801
ENST00000361360	309	309	955.446	3.09206	3.09206
ENST00000283195	63	63	23.399	0.371413	0.371413
ENST00000259253	135	135	198.612	1.4712	1.4712
ENST00000693505	42	42	-1.734	-0.0412857	-0.0412857
ENST00000446997	48	48	268.306	5.58971	5.58971
ENST00000284669	57	57	244.642	4.29196	4.29196
ENST00000260956	42	42	57.644	1.37248	1.37248
ENST00000234160	54	54	109.643	2.03043	2.03043
ENST00000361725	72	72	541.956	7.52717	7.52717
ENST00000286070	57	57	-9.068	-0.159088	-0.159088
ENST00000392238	60	60	93.857	1.56428	1.56428
ENST00000392222	66	66	-113.914	-1.72597	-1.72597
ENST00000233809	63	63	98.582	1.56479	1.56479
ENST00000233948	198	198	367.069	1.85388	1.85388
ENST00000281830	69	69	27.917	0.404594	0.404594
ENST00000325385	36	36	67.425	1.87292	1.87292
ENST00000392027	45	45	-134.61	-2.99133	-2.99133
ENST00000445964	81	81	2.978	0.0367654	0.0367654
ENST00000612363	63	63	196.772	3.12337	3.12337
ENST00000264039	156	156	275.938	1.76883	1.76883
ENST00000310574	117	117	76.005	0.649615	0.649615
ENST00000475092	39	39	-32.195	-0.825513	-0.825513
ENST00000319466	57	57	9.583	0.168123	0.168123
ENST00000401669	63	63	303.757	4.82154	4.82154
ENST00000244221	54	54	84.537	1.5655	1.5655
ENST00000272425	60	60	-119.825	-1.99708	-1.99708
ENST00000272444	123	123	-198.378	-1.61283	-1.61283
ENST00000428390	93	87	268.185	2.88371	3.08259
ENST00000639673	60	60	-192.442	-3.20737	-3.20737
ENST00000264255	78	78	30.515	0.391218	0.391218
ENST00000295317	33	33	-18.721	-0.567303	-0.567303
ENST00000530340	138	125	-215.661	-1.56276	-1.72529
ENST00000376300	42	42	2.192	0.0521905	0.0521905
ENST00000389484	111	111	255.604	2.30274	2.30274
ENST00000263895	81	81	296.879	3.66517	3.66517
ENST00000331426	48	48	-13.506	-0.281375	-0.281375
ENST00000339562	48	48	338.177	7.04535	7.04535
ENST00000348849	249	249	869.218	3.49084	3.49084
ENST00000355689	33	33	-67.514	-2.04588	-2.04588
ENST00000428443	204	204	424.736	2.08204	2.08204
ENST00000261024	75	75	44.693	0.595907	0.595907
ENST00000264151	48	48	-4.916	-0.102417	-0.102417
ENST00000282272	87	87	241.906	2.78053	2.78053
ENST00000417098	126	126	894.504	7.09924	7.09924
ENST00000354785	69	69	75.093	1.0883	1.0883
ENST00000265322	57	57	-147.425	-2.5864	-2.5864
ENST00000409685	48	48	-31.685	-0.660104	-0.660104
ENST00000392055	162	162	245.642	1.51631	1.51631
ENST00000341772	33	33	30.216	0.915636	0.915636
ENST00000388934	84	84	-61.012	-0.726333	-0.726333
ENST00000234040	42	42	-20.447	-0.486833	-0.486833
ENST00000382285	57	57	10.284	0.180421	0.180421
ENST00000246071	96	96	-22.886	-0.238396	-0.238396
ENST00000398174	87	87	125.029	1.43711	1.43711
ENST00000394552	48	48	-12.583	-0.262146	-0.262146
ENST00000253354	39	39	6.518	0.167128	0.167128
ENST00000677665	414	414	1267.81	3.06235	3.06235
ENST00000320849	48	48	19.614	0.408625	0.408625
ENST00000373461	153	153	416.919	2.72496	2.72496
ENST00000373433	126	126	235.34	1.86778	1.86778
ENST00000361337	111	111	131.048	1.18061	1.18061
ENST00000685551	36	36	30.731	0.853639	0.853639
ENST00000373257	42	42	72.337	1.72231	1.72231
ENST00000244020	51	51	77.395	1.51755	1.51755
ENST00000372622	39	39	70.234	1.80087	1.80087
ENST00000201031	84	84	530.315	6.31327	6.31327
ENST00000395841	120	120	-21.697	-0.180808	-0.180808
ENST00000617804	75	75	107.852	1.43803	1.43803
ENST00000203001	81	81	-50.395	-0.622161	-0.622161
ENST00000339738	153	153	310.214	2.02754	2.02754
ENST00000409299	51	51	-53.455	-1.04814	-1.04814
ENST00000373750	102	101	-30.083	-0.294931	-0.297851
ENST00000683867	108	108	99.77	0.923796	0.923796
ENST00000372980	72	72	122.709	1.70429	1.70429
ENST00000692313	66	66	0.82	0.0124242	0.0124242
ENST00000371564	126	126	67.015	0.531865	0.531865
ENST00000217131	51	51	-17.852	-0.350039	-0.350039
ENST00000243997	39	39	17.403	0.446231	0.446231
ENST00000370996	96	96	-33.04	-0.344167	-0.344167
ENST00000467148	210	210	242.55	1.155	1.155
ENST00000270112	132	132	152.484	1.15518	1.15518
ENST00000382357	102	102	71.666	0.702608	0.702608
ENST00000333634	63	63	151.896	2.41105	2.41105
ENST00000291554	45	45	-5.239	-0.116422	-0.116422
ENST00000291565	42	42	46.862	1.11576	1.11576
ENST00000397701	60	60	-54.303	-0.90505	-0.90505
ENST00000284881	60	60	56.957	0.949283	0.949283
ENST00000346798	78	78	152.632	1.95682	1.95682
ENST00000381947	69	69	19.055	0.276159	0.276159
ENST00000380749	81	81	40.87	0.504568	0.504568
ENST00000644384	87	87	79.645	0.91546	0.91546
ENST00000652462	78	78	-33.612	-0.430923	-0.430923
ENST00000263205	45	45	13.576	0.301689	0.301689
ENST00000263116	81	81	-10.375	-0.128086	-0.128086
ENST00000331075	45	45	181.411	4.03136	4.03136
ENST00000266087	69	69	1.288	0.0186667	0.0186667
ENST00000266085	45	45	61.732	1.37182	1.37182
ENST00000216106	42	42	230.88	5.49714	5.49714
ENST00000216122	36	33	-11.836	-0.328778	-0.358667
ENST00000215909	39	39	6.877	0.176333	0.176333
ENST00000216014	105	105	122.819	1.1697	1.1697
ENST00000308521	72	72	-141.614	-1.96686	-1.96686
ENST00000306149	207	207	381.681	1.84387	1.84387
ENST00000255784	42	42	0.0209999	0.000499998	0.000499998
ENST00000444313	132	132	-95.767	-0.725508	-0.725508
ENST00000328268	39	39	-0.818	-0.0209744	-0.0209744
ENST00000331437	111	111	181.09	1.63144	1.63144
ENST00000399837	42	42	6.533	0.155548	0.155548
ENST00000215882	51	51	70.27	1.37784	1.37784
ENST00000263202	39	39	16.232	0.416205	0.416205
ENST00000255882	84	84	10.516	0.12519	0.12519
ENST00000216038	72	72	-71.022	-0.986417	-0.986417
ENST00000397326	60	60	34.19	0.569833	0.569833
ENST00000689035	204	204	86.961	0.426279	0.426279
ENST00000435456	84	84	-72.474	-0.862786	-0.862786
ENST00000216218	48	48	-18.574	-0.386958	-0.386958
ENST00000263256	165	165	419.301	2.54122	2.54122
ENST00000157600	87	87	44.382	0.510138	0.510138
ENST00000404922	51	51	8.63	0.169216	0.169216
ENST00000643237	90	90	-158.969	-1.76632	-1.76632
ENST00000383767	348	314	1146.88	3.29563	3.65248
ENST00000307296	45	45	62.713	1.39362	1.39362
ENST00000650905	39	39	-28.374	-0.727538	-0.727538
ENST00000650617	33	33	-2.291	-0.0694242	-0.0694242
ENST00000326047	48	48	-44.273	-0.922354	-0.922354
ENST00000445132	114	114	48.911	0.429044	0.429044
ENST00000354698	42	42	-25.081	-0.597167	-0.597167
ENST00000263780	78	78	91.143	1.1685	1.1685
ENST00000309922	54	54	-13.242	-0.245222	-0.245222
ENST00000326172	42	42	70.549	1.67974	1.67974
ENST00000624688	99	99	-93.427	-0.943707	-0.943707
ENST00000683648	75	75	31.327	0.417693	0.417693
ENST00000314797	69	69	-75.587	-1.09546	-1.09546
ENST00000302649	87	87	0.356	0.00409196	0.00409196
ENST00000264993	93	93	184.156	1.98017	1.98017
ENST00000675561	144	144	179.345	1.24545	1.24545
ENST00000611884	54	54	56.246	1.04159	1.04159
ENST00000466246	36	36	17.776	0.493778	0.493778
ENST00000429709	54	54	24.357	0.451056	0.451056
ENST00000325404	288	288	926.581	3.2173	3.2173
ENST00000320741	45	45	47.223	1.0494	1.0494
ENST00000617246	189	189	77.154	0.408222	0.408222
ENST00000383836	90	90	199.879	2.22088	2.22088
ENST00000245046	57	57	-4.967	-0.0871404	-0.0871404
ENST00000682230	63	53	70.05	1.1119	1.3217
ENST00000334661	42	42	57.181	1.36145	1.36145
ENST00000273153	39	39	9.559	0.245103	0.245103
ENST00000316161	36	36	10.493	0.291472	0.291472
ENST00000296137	57	57	-19.974	-0.350421	-0.350421
ENST00000409792	180	180	573.754	3.18752	3.18752
ENST00000265563	66	66	104.639	1.58544	1.58544
ENST00000424201	204	204	352.987	1.73033	1.73033
ENST00000305533	117	117	217.428	1.85836	1.85836
ENST00000422318	42	42	22.315	0.53131	0.53131
ENST00000264634	36	36	179.377	4.98269	4.98269
ENST00000311128	33	33	35.274	1.06891	1.06891
ENST00000649772	72	72	48.513	0.673792	0.673792
ENST00000295628	57	57	-8.397	-0.147316	-0.147316
ENST00000295633	87	87	104.384	1.19982	1.19982
ENST00000310864	63	63	24.891	0.395095	0.395095
ENST00000330689	147	147	32.53	0.221293	0.221293
ENST00000344337	126	126	221.773	1.7601	1.7601
ENST00000306103	99	99	-137.512	-1.38901	-1.38901
ENST00000462833	183	183	896.472	4.89875	4.89875
ENST00000296220	45	45	50.607	1.1246	1.1246
ENST00000295992	90	90	28.778	0.319756	0.319756
ENST00000282903	48	48	19.304	0.402167	0.402167
ENST00000295822	42	42	88.503	2.10721	2.10721
ENST00000241261	36	36	-43.891	-1.21919	-1.21919
ENST00000317897	150	150	-20.175	-0.1345	-0.1345
ENST00000335012	63	63	63.153	1.00243	1.00243
ENST00000296343	60	60	51.24	0.854	0.854
ENST00000438480	42	42	88.349	2.10355	2.10355
ENST00000382581	117	117	11.767	0.100573	0.100573
ENST00000307358	60	60	-10.163	-0.169383	-0.169383
ENST00000382120	33	33	52.057	1.57748	1.57748
ENST00000506197	57	52	-62.724	-1.10042	-1.20623
ENST00000381334	75	75	125.774	1.67699	1.67699
ENST00000309042	180	157	277.598	1.54221	1.76814
ENST00000244869	60	60	-81.217	-1.35362	-1.35362
ENST00000395748	69	69	39.639	0.574478	0.574478
ENST00000307428	135	135	15.062	0.11157	0.11157
ENST00000264409	207	199	85.924	0.415092	0.431779
ENST00000295887	39	39	74.967	1.92223	1.92223
ENST00000264350	72	72	-74.322	-1.03225	-1.03225
ENST00000379987	48	48	-16.704	-0.348	-0.348
ENST00000309733	114	114	31.856	0.279439	0.279439
ENST00000326639	156	156	337.853	2.16572	2.16572
ENST00000317605	57	57	477.398	8.3754	8.3754
ENST00000642700	81	81	-34.377	-0.424407	-0.424407
ENST00000691494	60	60	144.639	2.41065	2.41065
ENST00000507152	36	36	29.995	0.833194	0.833194
ENST00000506823	378	378	667.836	1.76676	1.76676
ENST00000296504	114	104	96.204	0.843895	0.925038
ENST00000378802	81	81	-111.742	-1.37953	-1.37953
ENST00000337190	108	108	285.311	2.64177	2.64177
ENST00000320848	105	105	-128.94	-1.228	-1.228
ENST00000635206	168	168	173.544	1.033	1.033
ENST00000264218	66	66	-21.354	-0.323545	-0.323545
ENST00000265165	462	462	446.106	0.965597	0.965597
ENST00000296486	33	33	4.152	0.125818	0.125818
ENST00000421491	174	174	-117.708	-0.676483	-0.676483
ENST00000509479	45	45	326.928	7.26507	7.26507
ENST00000507656	45	45	2.511	0.0558	0.0558
ENST00000306193	54	54	-32.23	-0.596852	-0.596852
ENST00000308394	81	81	16.291	0.201123	0.201123
ENST00000682553	204	204	-200.988	-0.985235	-0.985235
ENST00000264933	54	54	-66.255	-1.22694	-1.22694
ENST00000166345	72	72	-6.013	-0.0835139	-0.0835139
ENST00000274217	48	48	18.669	0.388937	0.388937
ENST00000389100	63	63	26.883	0.426714	0.426714
ENST00000256442	42	42	47.208	1.124	1.124
ENST00000317633	60	60	6.546	0.1091	0.1091
ENST00000296755	54	54	166.039	3.0748	3.0748
ENST00000274364	60	60	229.849	3.83082	3.83082
ENST00000319211	141	141	-69.186	-0.490681	-0.490681
ENST00000505065	102	102	142.647	1.3985	1.3985
ENST00000452510	45	45	19.374	0.430533	0.430533
ENST00000398733	105	105	320.324	3.0507	3.0507
ENST00000261811	111	111	48.115	0.433468	0.433468
ENST00000239449	108	108	12.747	0.118028	0.118028
ENST00000624396	108	108	12.747	0.118028	0.118028
ENST00000522782	42	42	62.219	1.4814	1.4814
ENST00000518297	138	138	454.434	3.293	3.293
ENST00000593851	63	63	24.421	0.387635	0.387635
ENST00000328939	138	138	298.806	2.16526	2.16526
ENST00000296930	78	78	38.921	0.498987	0.498987
ENST00000393784	75	75	308.034	4.10712	4.10712
ENST00000296953	81	81	474.182	5.8541	5.8541
ENST00000310389	36	36	-18.804	-0.522333	-0.522333
ENST00000408923	90	90	212.664	2.36293	2.36293
ENST00000296824	36	36	-17.403	-0.483417	-0.483417
ENST00000310581	42	42	3.747	0.0892143	0.0892143
ENST00000264670	51	51	13.461	0.263941	0.263941
ENST00000399810	96	96	-130.757	-1.36205	-1.36205
ENST00000382038	111	111	-69.192	-0.623351	-0.623351
ENST00000282507	78	78	-286.264	-3.67005	-3.67005
ENST00000231498	45	45	-7.698	-0.171067	-0.171067
ENST00000337702	48	48	-31.633	-0.659021	-0.659021
ENST00000337836	120	120	12.055	0.100458	0.100458
ENST00000325110	111	111	242.69	2.1864	2.1864
ENST00000504924	90	90	454.523	5.05026	5.05026
ENST00000282572	57	57	-43.855	-0.769386	-0.769386
ENST00000307259	258	258	140.855	0.54595	0.54595
ENST00000334082	33	33	169.751	5.14397	5.14397
ENST00000507668	48	48	17.501	0.364604	0.364604
ENST00000439211	240	240	-182.531	-0.760546	-0.760546
ENST00000231461	225	225	241.628	1.0739	1.0739
ENST00000262464	57	57	101.254	1.77639	1.77639
ENST00000287008	102	102	257.526	2.52476	2.52476
ENST00000394434	54	54	46.984	0.870074	0.870074
ENST00000296736	144	144	43.759	0.303882	0.303882
ENST00000313115	48	44	-46.811	-0.975229	-1.06389
ENST00000307851	45	45	11.728	0.260622	0.260622
ENST00000307063	54	54	184.419	3.41517	3.41517
ENST00000393792	84	84	208.855	2.48637	2.48637
ENST00000510898	117	117	346.9	2.96496	2.96496
ENST00000335815	123	123	-189.216	-1.53834	-1.53834
ENST00000274773	45	45	-40.862	-0.908044	-0.908044
ENST00000688015	33	33	-37.659	-1.14118	-1.14118
ENST00000380773	42	42	60.229	1.43402	1.43402
ENST00000379052	114	114	443.175	3.8875	3.8875
ENST00000274764	90	90	-114.039	-1.2671	-1.2671
ENST00000395064	123	118	15.121	0.122935	0.128144
ENST00000373451	51	51	134.928	2.64565	2.64565
ENST00000371646	36	36	-38.007	-1.05575	-1.05575
ENST00000211314	36	36	14.088	0.391333	0.391333
ENST00000370659	75	75	-125.834	-1.67779	-1.67779
ENST00000447266	99	99	320.336	3.23572	3.23572
ENST00000369562	63	63	-74.341	-1.18002	-1.18002
ENST00000507897	63	63	-74.341	-1.18002	-1.18002
ENST00000230124	54	54	14.395	0.266574	0.266574
ENST00000368605	36	31	-39.768	-1.10467	-1.28284
ENST00000338728	60	60	62.798	1.04663	1.04663
ENST00000431975	297	297	-140.524	-0.473145	-0.473145
ENST00000341911	135	135	557.276	4.12797	4.12797
ENST00000607197	153	153	-100.52	-0.656993	-0.656993
ENST00000617445	108	108	109.29	1.01194	1.01194
ENST00000355585	93	93	-6.023	-0.0647634	-0.0647634
ENST00000297267	174	174	74.436	0.427793	0.427793
ENST00000356956	87	87	59.067	0.678931	0.678931
ENST00000230036	45	45	-27.766	-0.617022	-0.617022
ENST00000376734	69	69	-25.175	-0.364855	-0.364855
ENST00000434651	36	36	-74.99	-2.08306	-2.08306
ENST00000437316	48	48	-186.247	-3.88015	-3.88015
ENST00000338863	111	111	470.683	4.24039	4.24039
ENST00000229812	111	106	109.457	0.986099	1.03261
ENST00000373025	36	36	-0.592	-0.0164445	-0.0164445
ENST00000684631	45	45	-21.008	-0.466844	-0.466844
ENST00000274901	126	126	-62.809	-0.498484	-0.498484
ENST00000370370	33	33	-35.74	-1.08303	-1.08303
ENST00000370315	54	54	-28.065	-0.519722	-0.519722
ENST00000627148	39	39	69.173	1.77367	1.77367
ENST00000606017	33	33	98.518	2.98539	2.98539
ENST00000424296	48	48	17.225	0.358854	0.358854
ENST00000420283	51	51	13.874	0.272039	0.272039
ENST00000368491	105	105	165.3	1.57429	1.57429
ENST00000368468	336	336	649.315	1.93249	1.93249
ENST00000275233	36	36	27.028	0.750778	0.750778
ENST00000360961	54	54	-31.559	-0.584426	-0.584426
ENST00000366795	129	129	12.598	0.0976589	0.0976589
ENST00000617924	78	78	-70.775	-0.907372	-0.907372
ENST00000366756	177	177	-12.741	-0.0719831	-0.0719831
ENST00000343242	183	183	403.166	2.20309	2.20309
ENST00000222725	51	51	17.458	0.342314	0.342314
ENST00000404826	243	243	90.405	0.372037	0.372037
ENST00000436587	111	111	293.862	2.64741	2.64741
ENST00000258761	69	69	281.155	4.07471	4.07471
ENST00000262067	108	75	54.546	0.505056	0.72728
ENST00000258742	33	33	-10.884	-0.329818	-0.329818
ENST00000265299	45	45	26.353	0.585622	0.585622
ENST00000350320	39	39	185.49	4.75615	4.75615
ENST00000222673	48	48	154.355	3.21573	3.21573
ENST00000275525	99	99	-76.083	-0.768515	-0.768515
ENST00000424337	63	63	338.083	5.3664	5.3664
ENST00000248594	81	81	389.78	4.8121	4.8121
ENST00000331536	126	126	22.401	0.177786	0.177786
ENST00000287957	144	144	354.941	2.46487	2.46487
ENST00000612748	135	135	457.683	3.39024	3.39024
ENST00000447467	75	75	61.943	0.825907	0.825907
ENST00000313669	39	39	66.373	1.70187	1.70187
ENST00000257700	87	87	-10.756	-0.123632	-0.123632
ENST00000265717	54	32	78.222	1.44856	2.44444
ENST00000393386	48	48	66.224	1.37967	1.37967
ENST00000354725	54	54	97.542	1.80633	1.80633
ENST00000325006	36	15	60.445	1.67903	4.02967
ENST00000359579	75	75	-75.612	-1.00816	-1.00816
ENST00000242375	39	39	-5.428	-0.139179	-0.139179
ENST00000343526	123	123	264.658	2.15169	2.15169
ENST00000475153	243	243	-72.891	-0.299963	-0.299963
ENST00000223293	75	75	-11.6	-0.154667	-0.154667
ENST00000360937	51	51	30.995	0.607745	0.607745
ENST00000265854	204	204	-80.569	-0.394946	-0.394946
ENST00000382368	54	54	50.893	0.942463	0.942463
ENST00000408931	111	111	160.434	1.44535	1.44535
ENST00000440378	201	201	15.044	0.0748458	0.0748458
ENST00000436072	210	208	-49.048	-0.233562	-0.235808
ENST00000395749	75	75	316.721	4.22295	4.22295
ENST00000282869	39	39	-436.467	-11.1915	-11.1915
ENST00000310842	54	54	167.518	3.10219	3.10219
ENST00000361368	276	257	646.27	2.34156	2.51467
ENST00000299667	42	42	32.666	0.777762	0.777762
ENST00000622764	108	108	-84.103	-0.778731	-0.778731
ENST00000223051	39	39	59.151	1.51669	1.51669
ENST00000249330	33	33	107.084	3.24497	3.24497
ENST00000297431	36	36	-56.006	-1.55572	-1.55572
ENST00000415914	45	45	-84.113	-1.86918	-1.86918
ENST00000393085	204	204	376.863	1.84737	1.84737
ENST00000348225	33	33	24.585	0.745	0.745
ENST00000422774	36	36	36.341	1.00947	1.00947
ENST00000479870	57	57	14.69	0.257719	0.257719
ENST00000397977	69	69	25.844	0.374551	0.374551
ENST00000289921	45	32	35.465	0.788111	1.10828
ENST00000381237	90	90	43.463	0.482922	0.482922
ENST00000301904	84	84	66.615	0.793036	0.793036
ENST00000305188	57	57	5.027	0.088193	0.088193
ENST00000276533	126	126	-109.518	-0.86919	-0.86919
ENST00000260113	48	48	123.384	2.5705	2.5705
ENST00000455036	45	45	234.963	5.2214	5.2214
ENST00000321764	42	42	-15.476	-0.368476	-0.368476
ENST00000523731	45	45	203.756	4.52791	4.52791
ENST00000334705	36	36	44.244	1.229	1.229
ENST00000521578	120	120	-2.58	-0.0215	-0.0215
ENST00000292430	405	405	-347.748	-0.858637	-0.858637
ENST00000554914	81	81	-68.953	-0.851272	-0.851272
ENST00000314787	81	81	-68.953	-0.851272	-0.851272
ENST00000276416	60	60	82.79	1.37983	1.37983
ENST00000290271	102	102	527.582	5.17237	5.17237
ENST00000221200	171	171	588.945	3.44412	3.44412
ENST00000262644	48	48	50.941	1.06127	1.06127
ENST00000317995	228	228	-100.333	-0.440057	-0.440057
ENST00000379454	60	60	-2.407	-0.0401167	-0.0401167
ENST00000276594	105	105	-33.239	-0.316562	-0.316562
ENST00000354724	45	45	89.215	1.98256	1.98256
ENST00000521988	72	72	209.375	2.90799	2.90799
ENST00000419617	96	96	130.211	1.35636	1.35636
ENST00000297578	138	132	190.761	1.38233	1.44516
ENST00000398882	54	54	32.407	0.60013	0.60013
ENST00000442628	51	51	97.856	1.91875	1.91875
ENST00000616140	54	54	21.633	0.400611	0.400611
ENST00000617875	42	42	-76.561	-1.82288	-1.82288
ENST00000239316	36	36	-50.088	-1.39133	-1.39133
ENST00000340967	51	51	57.584	1.1291	1.1291
ENST00000342694	78	78	194.546	2.49418	2.49418
ENST00000643932	144	141	474.318	3.29387	3.36396
ENST00000354323	33	33	2.892	0.0876364	0.0876364
ENST00000443779	45	45	-7.734	-0.171867	-0.171867
ENST00000377798	48	48	-102.28	-2.13083	-2.13083
ENST00000375464	90	90	33.182	0.368689	0.368689
ENST00000375147	36	36	15.335	0.425972	0.425972
ENST00000322940	42	42	-52.955	-1.26083	-1.26083
ENST00000695401	36	36	13.401	0.37225	0.37225
ENST00000372642	135	135	-119.272	-0.883496	-0.883496
ENST00000318560	42	42	32.941	0.78431	0.78431
ENST00000402686	54	54	-0.75	-0.0138889	-0.0138889
ENST00000371625	39	39	-8.076	-0.207077	-0.207077
ENST00000471521	39	39	-8.076	-0.207077	-0.207077
ENST00000645271	243	243	-50.499	-0.207815	-0.207815
ENST00000617270	168	151	1332.16	7.92953	8.82226
ENST00000381809	36	36	-34.165	-0.949028	-0.949028
ENST00000223864	72	72	43.463	0.603653	0.603653
ENST00000321612	183	183	17.552	0.0959126	0.0959126
ENST00000380232	42	42	-11.422	-0.271952	-0.271952
ENST00000378103	51	51	56.027	1.09857	1.09857
ENST00000259667	36	36	-17.129	-0.475806	-0.475806
ENST00000622735	45	45	-8.551	-0.190022	-0.190022
ENST00000377561	81	81	-176.338	-2.17701	-2.17701
ENST00000376834	51	51	128.628	2.52212	2.52212
ENST00000376499	60	60	246.803	4.11338	4.11338
ENST00000304195	81	81	157.907	1.94947	1.94947
ENST00000375256	66	66	35.115	0.532045	0.532045
ENST00000375077	45	45	134.767	2.99482	2.99482
ENST00000259407	45	45	-8.535	-0.189667	-0.189667
ENST00000374270	51	51	44.688	0.876235	0.876235
ENST00000350763	66	66	31.499	0.477258	0.477258
ENST00000373887	45	45	2.789	0.0619778	0.0619778
ENST00000259467	69	69	18.516	0.268348	0.268348
ENST00000373555	63	63	47.818	0.759016	0.759016
ENST00000336505	42	42	275.121	6.5505	6.5505
ENST00000335791	42	42	74.015	1.76226	1.76226
ENST00000647146	120	120	-52.323	-0.436025	-0.436025
ENST00000372040	120	120	-52.323	-0.436025	-0.436025
ENST00000684901	45	45	9.738	0.2164	0.2164
ENST00000298585	123	109	205.826	1.67338	1.88831
ENST00000381192	39	39	-11.797	-0.302487	-0.302487
ENST00000674429	36	36	-51.681	-1.43558	-1.43558
ENST00000361306	123	123	-17.989	-0.146252	-0.146252
ENST00000380155	72	63	4.719	0.0655417	0.0749048
ENST00000397548	156	155	-656.567	-4.20876	-4.23592
ENST00000344302	126	126	4.788	0.038	0.038
ENST00000334136	45	45	55.319	1.22931	1.22931
ENST00000621775	810	601	3080.03	3.80251	5.12484
ENST00000376091	48	48	120.805	2.51677	2.51677
ENST00000338222	84	84	248.542	2.95883	2.95883
ENST00000374690	102	102	225.338	2.2092	2.2092
ENST00000374360	279	279	1331.88	4.77375	4.77375
ENST00000276079	45	45	89.477	1.98838	1.98838
ENST00000373719	150	150	294.841	1.96561	1.96561
ENST00000633930	114	114	80.908	0.709719	0.709719
ENST00000373521	621	621	993.269	1.59947	1.59947
ENST00000650309	51	51	-12.928	-0.25349	-0.25349
ENST00000312600	135	135	283.337	2.09879	2.09879
ENST00000682573	99	99	82.223	0.830535	0.830535
ENST00000255499	78	78	59.279	0.759987	0.759987
ENST00000257017	63	63	258.713	4.10656	4.10656
ENST00000417443	102	100	-178.084	-1.74592	-1.78084
ENST00000243314	78	78	-599.575	-7.68686	-7.68686
ENST00000330374	60	60	-37.618	-0.626967	-0.626967
ENST00000598523	57	57	-58.428	-1.02505	-1.02505
ENST00000370274	75	75	17.413	0.232173	0.232173
ENST00000253122	45	45	76.521	1.70047	1.70047
ENST00000390665	207	207	-183.936	-0.88858	-0.88858
ENST00000217939	165	165	63.672	0.385891	0.385891
ENST00000380420	159	159	-26.745	-0.168208	-0.168208
ENST00000379942	72	72	-4.407	-0.0612083	-0.0612083
ENST00000338883	39	39	-9.565	-0.245256	-0.245256
ENST00000378069	81	81	10.196	0.125877	0.125877
ENST00000376509	177	177	639.415	3.61251	3.61251
ENST00000642864	177	177	954.616	5.39331	5.39331
ENST00000375135	45	45	241.407	5.3646	5.3646
ENST00000374737	75	75	70.978	0.946373	0.946373
ENST00000373519	90	90	31.087	0.345411	0.345411
ENST00000332687	39	39	119.844	3.07292	3.07292
ENST00000373298	57	57	88.024	1.54428	1.54428
ENST00000373034	600	600	1487.05	2.47842	2.47842
ENST00000361910	33	33	-22.878	-0.693273	-0.693273
ENST00000356824	195	195	130.272	0.668062	0.668062
ENST00000372774	174	174	-468.779	-2.69413	-2.69413
ENST00000372728	126	126	-98.057	-0.77823	-0.77823
ENST00000372383	87	87	168.357	1.93514	1.93514
ENST00000372042	42	42	90.204	2.14771	2.14771
ENST00000243213	63	63	10.816	0.171683	0.171683
ENST00000200639	96	96	-2.182	-0.0227292	-0.0227292
ENST00000304661	96	96	104.999	1.09374	1.09374
ENST00000371126	129	129	-177.805	-1.37833	-1.37833
ENST00000371121	72	72	205.881	2.85946	2.85946
ENST00000429967	186	186	96.179	0.517091	0.517091
ENST00000361420	54	54	35.936	0.665481	0.665481
ENST00000370526	48	48	9.583	0.199646	0.199646
ENST00000370503	57	57	-197.06	-3.45719	-3.45719
ENST00000595065	78	78	-692.436	-8.87738	-8.87738
ENST00000369807	48	48	1.466	0.0305417	0.0305417
ENST00000336079	33	33	-54.84	-1.66182	-1.66182
ENST00000649529	72	72	-65.934	-0.91575	-0.91575
ENST00000378536	387	387	1738.51	4.49227	4.49227
ENST00000374642	75	75	69.367	0.924893	0.924893
ENST00000359858	102	102	45.693	0.447971	0.447971
ENST00000431473_dup1	63	63	83.926	1.33216	1.33216
ENST00000372289_dup1	258	258	122.083	0.47319	0.47319
ENST00000294353_dup1	51	51	159.322	3.12396	3.12396
ENST00000302118_dup1	222	222	-201.748	-0.908775	-0.908775
ENST00000690025	90	90	52.103	0.578922	0.578922
ENST00000370035_dup1	135	135	275.178	2.03836	2.03836
ENST00000420578	42	42	71.882	1.71148	1.71148
ENST00000309851	45	45	-211.277	-4.69504	-4.69504
ENST00000369799_dup1	285	285	733.055	2.57212	2.57212
ENST00000368910_dup1	99	99	195.536	1.97511	1.97511
ENST00000368694	60	60	353.354	5.88923	5.88923
ENST00000368408_dup1	96	74	423.722	4.41377	5.72597
ENST00000368216_dup1	39	39	2.456	0.0629744	0.0629744
ENST00000608999	93	93	112.348	1.20804	1.20804
ENST00000339876_dup1	321	307	766.976	2.38933	2.49829
ENST00000331555_dup1	99	99	-62.638	-0.632707	-0.632707
ENST00000367103_dup1	144	144	433.577	3.01095	3.01095
ENST00000659997	144	144	-37.353	-0.259396	-0.259396
ENST00000367042_dup1	66	66	-227.099	-3.44089	-3.44089
ENST00000261461	171	171	455.953	2.66639	2.66639
ENST00000259154	213	213	116.471	0.546812	0.546812
ENST00000366618_dup1	72	72	109.156	1.51606	1.51606
ENST00000366559	42	42	-7.171	-0.170738	-0.170738
ENST00000358704_dup1	90	90	661.895	7.35439	7.35439
ENST00000641925	183	183	-118.39	-0.64694	-0.64694
ENST00000354700	54	54	145.995	2.70361	2.70361
ENST00000400908_dup1	117	117	984.662	8.41591	8.41591
ENST00000374561_dup1	72	72	-90.704	-1.25978	-1.25978
ENST00000675840	39	39	50.558	1.29636	1.29636
ENST00000357582	69	69	54.685	0.792536	0.792536
ENST00000373795	36	36	115.095	3.19708	3.19708
ENST00000373471	144	144	243.082	1.68807	1.68807
ENST00000521580	66	66	28.762	0.435788	0.435788
ENST00000235532_dup1	81	81	-13.159	-0.162457	-0.162457
ENST00000371225	90	90	5.541	0.0615667	0.0615667
ENST00000370574_dup1	42	42	-7.691	-0.183119	-0.183119
ENST00000370459	69	69	-24.758	-0.358812	-0.358812
ENST00000370238	57	57	50.604	0.887789	0.887789
ENST00000287482_dup1	39	39	10.989	0.281769	0.281769
ENST00000682118_dup1	174	174	-318.128	-1.82832	-1.82832
ENST00000368706_dup1	57	57	59.253	1.03953	1.03953
ENST00000368463_dup1	45	45	39.688	0.881956	0.881956
ENST00000295682	78	78	28.935	0.370962	0.370962
ENST00000368361_dup1	36	36	303.357	8.42658	8.42658
ENST00000357325_dup1	201	199	935.756	4.6555	4.70229
ENST00000423014_dup1	63	63	-76.882	-1.22035	-1.22035
ENST00000443193	57	57	-15.55	-0.272807	-0.272807
ENST00000367797	33	33	-19.722	-0.597636	-0.597636
ENST00000367033_dup1	180	180	247.687	1.37604	1.37604
ENST00000281701	36	36	-49.445	-1.37347	-1.37347
ENST00000366554	39	39	7.614	0.195231	0.195231
ENST00000355029_dup1	72	72	116.721	1.62112	1.62112
ENST00000379775_dup1	297	297	359.792	1.21142	1.21142
ENST00000307365_dup1	63	63	67.669	1.07411	1.07411
ENST00000604729	153	153	812.309	5.30921	5.30921
ENST00000371795_dup1	117	117	-103.287	-0.882795	-0.882795
ENST00000371627	132	132	518.891	3.93099	3.93099
ENST00000285605	42	42	134.447	3.20112	3.20112
ENST00000684270_dup1	117	117	78.871	0.674111	0.674111
ENST00000643721	129	129	244.282	1.89366	1.89366
ENST00000369583_dup1	60	60	135.558	2.2593	2.2593
ENST00000369248_dup1	291	291	798.613	2.74437	2.74437
ENST00000368984	72	72	58.837	0.817181	0.817181
ENST00000455566_dup1	96	96	69.142	0.720229	0.720229
ENST00000381312	129	129	11.934	0.0925116	0.0925116
ENST00000378076_dup1	63	63	15.738	0.24981	0.24981
ENST00000298943_dup1	60	60	408.783	6.81305	6.81305
ENST00000242462_dup1	201	201	0.241	0.001199	0.001199
ENST00000373232	99	99	64.246	0.648949	0.648949
ENST00000371464	42	42	27.465	0.653929	0.653929
ENST00000361464_dup1	297	297	720.741	2.42674	2.42674
ENST00000369103	33	33	68.722	2.08248	2.08248
ENST00000358487_dup1	63	63	293.204	4.65403	4.65403
ENST00000532097_dup1	48	48	-123.929	-2.58185	-2.58185
ENST00000409548_dup1	117	117	-131.7	-1.12564	-1.12564
ENST00000308020	48	48	58.497	1.21869	1.21869
ENST00000250003	39	39	21.797	0.558897	0.558897
ENST00000349880_dup1	81	81	528.633	6.52633	6.52633
ENST00000324559_dup1	372	372	-379.008	-1.01884	-1.01884
ENST00000335099_dup1	297	242	661.36	2.2268	2.73289
ENST00000279230	117	117	274.371	2.34505	2.34505
ENST00000311445	54	54	259.474	4.80507	4.80507
ENST00000263681_dup1	45	45	-0.291999	-0.00648888	-0.00648888
ENST00000305494_dup1	51	51	7.561	0.148255	0.148255
ENST00000533122_dup1	51	51	-85.048	-1.66761	-1.66761
ENST00000325212	75	75	3.465	0.0462	0.0462
ENST00000282499	126	126	450.671	3.57675	3.57675
ENST00000327419	96	96	259.939	2.7077	2.7077
ENST00000316851_dup1	102	102	296.372	2.90561	2.90561
ENST00000317011_dup1	90	90	290.269	3.22521	3.22521
ENST00000299164_dup1	99	99	163.035	1.64682	1.64682
ENST00000396777_dup1	108	108	442.068	4.09322	4.09322
ENST00000534025_dup1	81	81	72.633	0.896704	0.896704
ENST00000326294_dup1	33	33	-0.255	-0.00772728	-0.00772728
ENST00000298231_dup1	150	150	373.099	2.48733	2.48733
ENST00000298198_dup1	81	81	88.83	1.09667	1.09667
ENST00000683865_dup1	135	135	625.242	4.63142	4.63142
ENST00000264025	39	39	106.034	2.71882	2.71882
ENST00000397196	84	84	136.812	1.62871	1.62871
ENST00000266557_dup1	120	120	8.871	0.073925	0.073925
ENST00000266556_dup1	96	96	-25.993	-0.27076	-0.27076
ENST00000014914_dup1	57	54	7.725	0.135526	0.143056
ENST00000359062	168	143	50.979	0.303446	0.356497
ENST00000534526_dup1	48	48	-11.527	-0.240146	-0.240146
ENST00000266987	54	54	290.507	5.37976	5.37976
ENST00000266646_dup1	111	111	99.603	0.897324	0.897324
ENST00000229266_dup1	117	117	48.377	0.413479	0.413479
ENST00000258534_dup1	207	201	-3.977	-0.0192126	-0.0197861
ENST00000449592	66	66	80.356	1.21752	1.21752
ENST00000261822_dup1	132	132	503.488	3.8143	3.8143
ENST00000683879_dup1	276	276	927.845	3.36176	3.36176
ENST00000301068_dup1	105	105	136.167	1.29683	1.29683
ENST00000334221_dup1	69	69	451.628	6.54533	6.54533
ENST00000305879_dup1	75	75	90.823	1.21097	1.21097
ENST00000552864_dup1	150	150	587.66	3.91773	3.91773
ENST00000553106_dup1	69	69	-29.381	-0.425812	-0.425812
ENST00000318348_dup1	144	144	410.226	2.84879	2.84879
ENST00000354300_dup1	192	192	490.516	2.55477	2.55477
ENST00000419234_dup1	87	87	239.077	2.74801	2.74801
ENST00000261731_dup1	102	102	234.141	2.2955	2.2955
ENST00000376874_dup1	33	33	17.54	0.531515	0.531515
ENST00000379179_dup1	99	99	111.909	1.13039	1.13039
ENST00000377918_dup1	84	84	169.376	2.01638	2.01638
ENST00000602402_dup1	72	72	99.373	1.38018	1.38018
ENST00000346342	45	45	3.602	0.0800444	0.0800444
ENST00000282397_dup1	132	132	119.566	0.905803	0.905803
ENST00000320027_dup1	246	223	52.399	0.213004	0.234973
ENST00000379919_dup1	108	108	719.876	6.66552	6.66552
ENST00000377962_dup1	102	102	43.187	0.423402	0.423402
ENST00000355619_dup1	249	249	548.091	2.20117	2.20117
ENST00000400198_dup1	33	33	57.627	1.74627	1.74627
ENST00000375856_dup1	120	120	101.427	0.845225	0.845225
ENST00000216714	39	39	57.244	1.46779	1.46779
ENST00000304677	39	39	3.063	0.0785385	0.0785385
ENST00000359591_dup1	84	84	78.606	0.935786	0.935786
ENST00000216807	96	96	413.348	4.30571	4.30571
ENST00000684589_dup1	60	60	272.78	4.54633	4.54633
ENST00000261556_dup1	57	57	-68.307	-1.19837	-1.19837
ENST00000327720	84	84	79.75	0.949405	0.949405
ENST00000332981	312	312	671.351	2.15177	2.15177
ENST00000304743_dup1	87	87	290.282	3.33657	3.33657
ENST00000303562_dup1	81	81	103.997	1.28391	1.28391
ENST00000392554_dup1	174	174	50.53	0.290402	0.290402
ENST00000216297_dup1	75	75	349.087	4.65449	4.65449
ENST00000250454	42	42	-55.957	-1.33231	-1.33231
ENST00000216410_dup1	129	129	146.176	1.13315	1.13315
ENST00000381346	39	39	-43.196	-1.10759	-1.10759
ENST00000261978_dup1	36	36	22.947	0.637417	0.637417
ENST00000355774	33	33	72.341	2.19215	2.19215
ENST00000251089_dup1	45	45	-0.987999	-0.0219555	-0.0219555
ENST00000261534	84	63	57.26	0.681667	0.908889
ENST00000216468	33	33	41.176	1.24776	1.24776
ENST00000336735_dup1	72	72	108.283	1.50393	1.50393
ENST00000649591	57	57	181.693	3.1876	3.1876
ENST00000216281_dup1	57	57	-32.275	-0.566228	-0.566228
ENST00000286953_dup1	36	36	-27.996	-0.777667	-0.777667
ENST00000562188_dup1	66	66	58.522	0.886697	0.886697
ENST00000340912_dup1	75	75	213.021	2.84028	2.84028
ENST00000261908_dup1	198	171	336.816	1.70109	1.96968
ENST00000299565_dup1	81	81	-50.57	-0.624321	-0.624321
ENST00000332810_dup1	96	96	14.912	0.155333	0.155333
ENST00000314891_dup1	78	78	117.359	1.5046	1.5046
ENST00000267812	48	48	53.501	1.1146	1.1146
ENST00000695545	54	54	54.474	1.00878	1.00878
ENST00000388820	39	39	29.546	0.75759	0.75759
ENST00000424439_dup1	516	511	178.442	0.345818	0.349202
ENST00000389703_dup1	87	87	14.695	0.168908	0.168908
ENST00000330398_dup1	144	144	172.146	1.19546	1.19546
ENST00000326266	48	48	100.101	2.08544	2.08544
ENST00000327827	129	129	408.922	3.16994	3.16994
ENST00000558583_dup1	192	192	722.029	3.76057	3.76057
ENST00000287667	54	50	92.916	1.72067	1.85832
ENST00000399336	54	50	98.073	1.81617	1.96146
ENST00000330181_dup1	129	129	-32.783	-0.254132	-0.254132
ENST00000652691_dup1	60	60	40.111	0.668517	0.668517
ENST00000563197	51	51	34.052	0.667686	0.667686
ENST00000251303_dup1	129	127	-31.565	-0.24469	-0.248543
ENST00000318663	111	111	43.155	0.388784	0.388784
ENST00000379378	57	57	329.843	5.78672	5.78672
ENST00000441236	66	66	53.411	0.809258	0.809258
ENST00000570010	81	81	129.954	1.60437	1.60437
ENST00000319518_dup1	138	138	97.049	0.703254	0.703254
ENST00000007264_dup1	63	63	-29.919	-0.474905	-0.474905
ENST00000344836_dup1	195	155	649.137	3.32891	4.18798
ENST00000622306	54	50	60.848	1.12681	1.21696
ENST00000300571_dup1	93	93	194.199	2.08816	2.08816
ENST00000262525_dup1	78	78	283.855	3.63917	3.63917
ENST00000317508_dup1	93	93	104.141	1.1198	1.1198
ENST00000262384	57	57	131.714	2.31077	2.31077
ENST00000394688_dup1	42	42	246.461	5.86812	5.86812
ENST00000299759_dup1	33	33	21.661	0.656394	0.656394
ENST00000345057_dup1	39	39	36.873	0.945462	0.945462
ENST00000261772_dup1	57	57	-3.783	-0.0663684	-0.0663684
ENST00000326043_dup1	84	84	541.151	6.44227	6.44227
ENST00000289805	39	39	-34.065	-0.873462	-0.873462
ENST00000254719_dup1	54	54	2.917	0.0540185	0.0540185
ENST00000572447_dup1	69	69	-2.08	-0.0301449	-0.0301449
ENST00000314728	36	36	62.464	1.73511	1.73511
ENST00000176643_dup1	141	141	-144.721	-1.02639	-1.02639
ENST00000394859_dup1	420	420	1214.96	2.89276	2.89276
ENST00000631683	81	81	115.325	1.42377	1.42377
ENST00000393892_dup1	39	39	77.214	1.97985	1.97985
ENST00000343619_dup1	84	84	64.814	0.771595	0.771595
ENST00000571841	57	57	102.721	1.80212	1.80212
ENST00000360943	33	33	216.019	6.54603	6.54603
ENST00000240328_dup1	249	249	846.093	3.39796	3.39796
ENST00000330459_dup1	105	105	25.364	0.241562	0.241562
ENST00000243457_dup1	102	102	615.246	6.03182	6.03182
ENST00000535032	93	93	12.898	0.138688	0.138688
ENST00000589666_dup1	72	72	635.724	8.8295	8.8295
ENST00000341249_dup1	240	240	259.808	1.08253	1.08253
ENST00000611590	144	144	-99.833	-0.693285	-0.693285
ENST00000336868_dup1	84	84	224.155	2.66851	2.66851
ENST00000421807	33	33	20.385	0.617727	0.617727
ENST00000293778_dup1	150	150	-60.941	-0.406273	-0.406273
ENST00000269299	33	33	15.665	0.474697	0.474697
ENST00000320316	114	114	363.754	3.19082	3.19082
ENST00000302386	111	111	497.222	4.47948	4.47948
ENST00000619711_dup1	117	117	332.524	2.84209	2.84209
ENST00000448843_dup1	288	288	173.333	0.601851	0.601851
ENST00000225388_dup1	78	78	398.18	5.10487	5.10487
ENST00000628453_dup1	282	280	-155.7	-0.552128	-0.556071
ENST00000619039_dup1	69	69	323.122	4.68293	4.68293
ENST00000226004	36	36	70.02	1.945	1.945
ENST00000262407_dup1	102	102	138.878	1.36155	1.36155
ENST00000253407	105	105	512.387	4.87988	4.87988
ENST00000536300	84	84	328.348	3.9089	3.9089
ENST00000225603_dup1	180	167	565.449	3.14138	3.38592
ENST00000240364	42	42	59.457	1.41564	1.41564
ENST00000225972	72	72	135.596	1.88328	1.88328
ENST00000577830	42	26	34.41	0.819286	1.32346
ENST00000225504	57	57	-79.81	-1.40018	-1.40018
ENST00000261601_dup1	78	78	33.399	0.428192	0.428192
ENST00000322897_dup1	72	72	-44.585	-0.619236	-0.619236
ENST00000299727_dup1	615	615	-366.118	-0.595314	-0.595314
ENST00000400256_dup1	84	84	141.521	1.68477	1.68477
ENST00000269228_dup1	159	159	-118.842	-0.747434	-0.747434
ENST00000285106_dup1	99	99	80.693	0.815081	0.815081
ENST00000256854_dup1	42	42	65.781	1.56621	1.56621
ENST00000299608_dup1	117	117	-46.026	-0.393385	-0.393385
ENST00000215368_dup1	186	186	554.348	2.98037	2.98037
ENST00000255641	48	48	310.086	6.46013	6.46013
ENST00000307741_dup1	111	111	-63.899	-0.575667	-0.575667
ENST00000246112_dup1	69	69	1.958	0.0283768	0.0283768
ENST00000242786	48	48	-20.544	-0.428	-0.428
ENST00000222250_dup1	60	60	-9.853	-0.164217	-0.164217
ENST00000318596	39	39	70.88	1.81744	1.81744
ENST00000344519	99	99	-280.361	-2.83193	-2.83193
ENST00000597761_dup1	99	99	-314.24	-3.17414	-3.17414
ENST00000335523_dup1	489	489	985.765	2.01588	2.01588
ENST00000639142_dup1	306	296	-300.855	-0.983186	-1.0164
ENST00000357052_dup1	66	66	164.756	2.4963	2.4963
ENST00000594136_dup1	66	66	164.756	2.4963	2.4963
ENST00000270014_dup1	84	84	-397.773	-4.73539	-4.73539
ENST00000313040_dup1	90	90	-59.555	-0.661722	-0.661722
ENST00000353609_dup1	342	342	965.042	2.82176	2.82176
ENST00000331825	159	148	123.404	0.776126	0.833811
ENST00000447857	105	105	-0.172	-0.00163809	-0.00163809
ENST00000246794	69	69	100.039	1.44984	1.44984
ENST00000326764	39	39	153.979	3.94818	3.94818
ENST00000251372	51	51	-609.995	-11.9607	-11.9607
ENST00000205194_dup1	48	48	87.139	1.8154	1.8154
ENST00000263095	243	223	-420.759	-1.73152	-1.88681
ENST00000414468	114	114	-312.666	-2.74268	-2.74268
ENST00000321545_dup1	243	243	-884.225	-3.63879	-3.63879
ENST00000282292_dup1	48	48	-306.703	-6.38965	-6.38965
ENST00000240731	69	69	-297.128	-4.3062	-4.3062
ENST00000282296_dup1	147	147	-720.138	-4.8989	-4.8989
ENST00000355415_dup1	102	102	-64.426	-0.631627	-0.631627
ENST00000545797_dup1	255	255	-146.301	-0.573729	-0.573729
ENST00000301480_dup1	114	114	-532.867	-4.67427	-4.67427
ENST00000341191_dup1	99	96	-789.277	-7.97249	-8.22164
ENST00000293725	81	81	-786.326	-9.70773	-9.70773
ENST00000586783_dup1	417	417	-75.137	-0.180185	-0.180185
ENST00000308677	144	144	557.764	3.87336	3.87336
ENST00000343625_dup1	51	51	89.967	1.76406	1.76406
ENST00000262629	54	54	75.245	1.39343	1.39343
ENST00000322354	51	51	47.008	0.921725	0.921725
ENST00000221930_dup1	681	681	1387.58	2.03756	2.03756
ENST00000270077_dup1	66	66	-254.306	-3.85312	-3.85312
ENST00000300811_dup1	174	174	453.454	2.60606	2.60606
ENST00000648319_dup1	66	66	313.524	4.75036	4.75036
ENST00000617053_dup1	66	66	26.309	0.398621	0.398621
ENST00000421832_dup1	63	55	-70.106	-1.11279	-1.27465
ENST00000457749	54	54	-509.9	-9.44259	-9.44259
ENST00000595646	57	57	-527.059	-9.24665	-9.24665
ENST00000683776	60	60	-332.787	-5.54645	-5.54645
ENST00000314446	51	51	-501.246	-9.82835	-9.82835
ENST00000344887	33	6	9.534	0.288909	1.589
ENST00000586929	93	93	-33.038	-0.355247	-0.355247
ENST00000196489_dup1	72	72	-413.602	-5.74447	-5.74447
ENST00000324266	57	57	-3.924	-0.0688421	-0.0688421
ENST00000396290_dup1	93	93	51.638	0.555247	0.555247
ENST00000380171_dup1	60	60	43.503	0.72505	0.72505
ENST00000379852_dup1	54	54	192.255	3.56028	3.56028
ENST00000238892_dup1	45	43	-20.778	-0.461733	-0.483209
ENST00000264447_dup1	168	168	1261.28	7.50761	7.50761
ENST00000272395_dup1	87	87	-339.012	-3.89669	-3.89669
ENST00000408999	72	72	25.472	0.353778	0.353778
ENST00000283195_dup1	99	99	105.353	1.06417	1.06417
ENST00000393110	198	198	-26.204	-0.132343	-0.132343
ENST00000693505_dup1	69	69	-65.546	-0.949942	-0.949942
ENST00000446997_dup1	39	39	214.739	5.50613	5.50613
ENST00000284669_dup1	54	54	225.406	4.17419	4.17419
ENST00000358196	33	33	61.81	1.87303	1.87303
ENST00000684293	36	36	27.374	0.760389	0.760389
ENST00000394967	120	120	443.429	3.69524	3.69524
ENST00000392318	39	39	37.74	0.967692	0.967692
ENST00000258411	108	108	435.504	4.03244	4.03244
ENST00000281830_dup1	60	60	31.912	0.531867	0.531867
ENST00000325385_dup1	48	48	82.07	1.70979	1.70979
ENST00000612363_dup1	84	84	233.188	2.77605	2.77605
ENST00000327435	33	33	-33.231	-1.007	-1.007
ENST00000263881	162	162	575.327	3.5514	3.5514
ENST00000319466_dup1	54	54	-0.0329996	-0.000611104	-0.000611104
ENST00000616407	63	63	92.822	1.47337	1.47337
ENST00000272444_dup1	51	51	-21.1	-0.413725	-0.413725
ENST00000428390_dup1	78	72	236.338	3.02997	3.28247
ENST00000639673_dup1	87	87	-348.503	-4.00578	-4.00578
ENST00000264255_dup1	72	72	31.252	0.434056	0.434056
ENST00000263341	54	54	66.806	1.23715	1.23715
ENST00000331426_dup1	81	81	-40.489	-0.499864	-0.499864
ENST00000263636	42	42	-20.731	-0.493595	-0.493595
ENST00000295113	36	36	36.354	1.00983	1.00983
ENST00000417098_dup1	111	111	766.274	6.90337	6.90337
ENST00000265322_dup1	51	51	-135.662	-2.66004	-2.66004
ENST00000234040_dup1	51	51	-29.562	-0.579647	-0.579647
ENST00000246071_dup1	135	135	-102.973	-0.762763	-0.762763
ENST00000480798	63	63	-31.217	-0.495508	-0.495508
ENST00000398174_dup1	66	66	68.058	1.03118	1.03118
ENST00000677665_dup1	465	465	1242.3	2.6716	2.6716
ENST00000374077	45	45	141.822	3.1516	3.1516
ENST00000203001_dup1	72	72	-46.885	-0.651181	-0.651181
ENST00000609375	57	57	109.686	1.92432	1.92432
ENST00000683867_dup1	117	117	111.471	0.952744	0.952744
ENST00000371856	39	39	235.398	6.03585	6.03585
ENST00000371652	51	51	86.769	1.70135	1.70135
ENST00000370996_dup1	87	87	-27.425	-0.31523	-0.31523
ENST00000467148_dup1	753	753	828.035	1.09965	1.09965
ENST00000395042	39	39	94.917	2.43377	2.43377
ENST00000382357_dup1	117	117	87.423	0.747205	0.747205
ENST00000290349	39	39	-93.544	-2.39856	-2.39856
ENST00000314103	39	39	5.864	0.150359	0.150359
ENST00000333634_dup1	126	126	193.939	1.5392	1.5392
ENST00000397701_dup1	108	108	-102.211	-0.946398	-0.946398
ENST00000644384_dup1	108	108	55.327	0.512287	0.512287
ENST00000263205_dup1	63	51	29.087	0.461698	0.570333
ENST00000263116_dup1	78	78	-17.24	-0.221026	-0.221026
ENST00000343605	60	60	49.136	0.818933	0.818933
ENST00000266087_dup1	81	81	4.272	0.0527407	0.0527407
ENST00000216122_dup1	45	42	-37.945	-0.843222	-0.903452
ENST00000407997	45	39	-134.6	-2.99111	-3.45128
ENST00000306149_dup1	291	291	429.419	1.47567	1.47567
ENST00000255882_dup1	72	72	-3.761	-0.0522361	-0.0522361
ENST00000216038_dup1	87	87	-78.743	-0.905092	-0.905092
ENST00000397326_dup1	63	63	40.271	0.639222	0.639222
ENST00000689035_dup1	180	180	88.07	0.489278	0.489278
ENST00000216218_dup1	54	54	-18.539	-0.343315	-0.343315
ENST00000263256_dup1	180	180	452.633	2.51463	2.51463
ENST00000396398	33	33	20.729	0.628152	0.628152
ENST00000644371	48	48	-13.511	-0.281479	-0.281479
ENST00000263780_dup1	57	57	106.568	1.86961	1.86961
ENST00000326172_dup1	33	33	61.965	1.87773	1.87773
ENST00000477665	45	45	85.735	1.90522	1.90522
ENST00000683648_dup1	159	159	74.785	0.470346	0.470346
ENST00000302649_dup1	72	72	1.837	0.0255139	0.0255139
ENST00000675561_dup1	114	114	183.542	1.61002	1.61002
ENST00000611884_dup1	45	45	51.458	1.14351	1.14351
ENST00000296137_dup1	90	90	-16.045	-0.178278	-0.178278
ENST00000296444	54	54	-15.889	-0.294241	-0.294241
ENST00000265563_dup1	120	105	145.68	1.214	1.38743
ENST00000320431	54	54	-3.56	-0.0659259	-0.0659259
ENST00000232501	57	57	-0.861	-0.0151053	-0.0151053
ENST00000495880	36	36	166.988	4.63856	4.63856
ENST00000344337_dup1	150	150	289.177	1.92785	1.92785
ENST00000462833_dup1	93	93	427.58	4.59763	4.59763
ENST00000327532	309	309	-6.884	-0.0222783	-0.0222783
ENST00000295992_dup1	78	78	33.27	0.426538	0.426538
ENST00000360632	177	177	241.161	1.36249	1.36249
ENST00000643876	75	75	107.061	1.42748	1.42748
ENST00000643144	63	63	88.084	1.39816	1.39816
ENST00000317897_dup1	216	216	-61.703	-0.285662	-0.285662
ENST00000463781	42	42	-4.884	-0.116286	-0.116286
ENST00000264409_dup1	96	88	21.874	0.227854	0.248568
ENST00000672341	60	60	9.497	0.158283	0.158283
ENST00000226796	51	51	68.558	1.34427	1.34427
ENST00000296543	33	33	257.718	7.80964	7.80964
ENST00000642700_dup1	57	57	-3.754	-0.0658596	-0.0658596
ENST00000506823_dup1	219	219	615.919	2.81242	2.81242
ENST00000378802_dup1	90	90	-122.815	-1.36461	-1.36461
ENST00000306200	39	39	13.133	0.336744	0.336744
ENST00000040738	66	66	88.473	1.3405	1.3405
ENST00000264218_dup1	102	102	-45.409	-0.445186	-0.445186
ENST00000344157	99	99	247.627	2.50128	2.50128
ENST00000394767	162	162	621.493	3.83638	3.83638
ENST00000265165_dup1	558	558	537.812	0.963821	0.963821
ENST00000399132	36	36	32.801	0.911139	0.911139
ENST00000361717	36	36	-5.435	-0.150972	-0.150972
ENST00000421491_dup1	165	165	-109.625	-0.664394	-0.664394
ENST00000649263	90	90	59.348	0.659422	0.659422
ENST00000507656_dup1	78	78	-31.929	-0.409346	-0.409346
ENST00000308394_dup1	42	42	24.893	0.59269	0.59269
ENST00000682553_dup1	351	351	-267.982	-0.763481	-0.763481
ENST00000166345_dup1	60	60	2.611	0.0435167	0.0435167
ENST00000380750	60	60	8.286	0.1381	0.1381
ENST00000337273	42	42	187.613	4.46698	4.46698
ENST00000319211_dup1	120	120	-39.739	-0.331158	-0.331158
ENST00000379982	51	51	48.355	0.948137	0.948137
ENST00000161863	39	39	85.613	2.19521	2.19521
ENST00000379380	63	63	24.889	0.395063	0.395063
ENST00000200652	54	54	-27.648	-0.512	-0.512
ENST00000245407	114	107	-114.775	-1.0068	-1.07266
ENST00000545279	42	42	193.757	4.61326	4.61326
ENST00000194152	93	93	-70.118	-0.753957	-0.753957
ENST00000518297_dup1	276	276	882.643	3.19798	3.19798
ENST00000393915	48	48	-18.351	-0.382313	-0.382313
ENST00000308683	48	46	-31.605	-0.658438	-0.687065
ENST00000382065	42	42	64.032	1.52457	1.52457
ENST00000382038_dup1	108	108	-63.935	-0.591991	-0.591991
ENST00000337702_dup1	99	99	-62.475	-0.631061	-0.631061
ENST00000325110_dup1	72	72	272.646	3.78675	3.78675
ENST00000504924_dup1	93	93	469.062	5.04368	5.04368
ENST00000381405	66	66	82.573	1.25111	1.25111
ENST00000282572_dup1	54	54	-40.406	-0.748259	-0.748259
ENST00000307259_dup1	180	180	71.83	0.399056	0.399056
ENST00000439211_dup1	474	474	45.681	0.0963734	0.0963734
ENST00000306442	45	45	-15.822	-0.3516	-0.3516
ENST00000389054	54	54	64.958	1.20293	1.20293
ENST00000287008_dup1	99	99	241.005	2.43439	2.43439
ENST00000307063_dup1	39	39	130.36	3.34256	3.34256
ENST00000335815_dup1	42	42	-46.914	-1.117	-1.117
ENST00000645481	138	138	166.628	1.20745	1.20745
ENST00000259808	147	147	-32.462	-0.22083	-0.22083
ENST00000274764_dup1	96	96	-120.263	-1.25274	-1.25274
ENST00000395388	60	60	-8.829	-0.14715	-0.14715
ENST00000395064_dup1	153	148	17.134	0.111987	0.11577
ENST00000447266_dup1	120	120	338.355	2.81963	2.81963
ENST00000275072	90	90	-96.985	-1.07761	-1.07761
ENST00000671876	162	162	40.905	0.2525	0.2525
ENST00000431975_dup1	264	264	-151.595	-0.574223	-0.574223
ENST00000617445_dup1	162	156	144.247	0.890414	0.92466
ENST00000344537	78	78	-26.871	-0.3445	-0.3445
ENST00000374975	42	42	-157.68	-3.75429	-3.75429
ENST00000360004	42	42	-165.308	-3.9359	-3.9359
ENST00000437316_dup1	45	45	-179.749	-3.99442	-3.99442
ENST00000373025_dup1	51	51	-10.884	-0.213412	-0.213412
ENST00000684631_dup1	63	63	-68.065	-1.0804	-1.0804
ENST00000265350	63	63	-68.065	-1.0804	-1.0804
ENST00000193322	66	66	-75.467	-1.14344	-1.14344
ENST00000368491_dup1	111	111	168.142	1.51479	1.51479
ENST00000367739	57	57	-125.232	-2.19705	-2.19705
ENST00000367411	60	60	50.747	0.845783	0.845783
ENST00000367075	39	39	29.12	0.746667	0.746667
ENST00000360961_dup1	60	60	-26.744	-0.445733	-0.445733
ENST00000436587_dup1	105	105	272.34	2.59371	2.59371
ENST00000262067_dup1	204	171	106.168	0.520431	0.620865
ENST00000449726	180	180	330.054	1.83363	1.83363
ENST00000265299_dup1	51	51	31.055	0.608922	0.608922
ENST00000649409	66	66	240.089	3.63771	3.63771
ENST00000350320_dup1	78	78	408.311	5.23476	5.23476
ENST00000275525_dup1	66	66	-44.264	-0.670667	-0.670667
ENST00000380050	33	33	111.532	3.37976	3.37976
ENST00000287957_dup1	237	237	310.468	1.30999	1.30999
ENST00000331410	168	168	-69.958	-0.416417	-0.416417
ENST00000313669_dup1	51	51	65.197	1.27837	1.27837
ENST00000222574	60	60	148.587	2.47645	2.47645
ENST00000315870	36	36	132.799	3.68886	3.68886
ENST00000393386_dup1	219	219	9.937	0.0453744	0.0453744
ENST00000359579_dup1	105	105	-108.885	-1.037	-1.037
ENST00000242375_dup1	36	36	-2.34	-0.065	-0.065
ENST00000475153_dup1	147	147	12.391	0.0842925	0.0842925
ENST00000425642	96	96	-44.89	-0.467604	-0.467604
ENST00000265854_dup1	108	108	-3.112	-0.0288148	-0.0288148
ENST00000199389	54	54	-92.918	-1.7207	-1.7207
ENST00000418710	87	87	636.596	7.3172	7.3172
ENST00000440378_dup1	249	249	12.99	0.0521687	0.0521687
ENST00000436072_dup1	204	202	-52.565	-0.257672	-0.260223
ENST00000282869_dup1	81	81	-829.825	-10.2448	-10.2448
ENST00000361368_dup1	219	200	613.68	2.80219	3.0684
ENST00000297431_dup1	87	87	-154.736	-1.77857	-1.77857
ENST00000393085_dup1	216	216	418.39	1.93699	1.93699
ENST00000320248	45	45	-9.346	-0.207689	-0.207689
ENST00000262096	126	126	344.148	2.73133	2.73133
ENST00000397977_dup1	96	96	45.145	0.47026	0.47026
ENST00000289921_dup1	66	53	39.786	0.602818	0.750679
ENST00000381237_dup1	135	135	46.263	0.342689	0.342689
ENST00000301904_dup1	39	39	53.321	1.36721	1.36721
ENST00000276533_dup1	135	135	-146.667	-1.08642	-1.08642
ENST00000518322	81	81	35.454	0.437704	0.437704
ENST00000334705_dup1	48	48	58.065	1.20969	1.20969
ENST00000301258	33	33	26.712	0.809455	0.809455
ENST00000292430_dup1	351	351	-323.948	-0.922929	-0.922929
ENST00000629816	87	87	53.833	0.61877	0.61877
ENST00000554914_dup1	72	72	-54.448	-0.756222	-0.756222
ENST00000314787_dup1	114	114	-146	-1.2807	-1.2807
ENST00000221200_dup1	147	147	526.773	3.58349	3.58349
ENST00000317995_dup1	231	231	-103.666	-0.448771	-0.448771
ENST00000276594_dup1	42	42	0.717	0.0170714	0.0170714
ENST00000521988_dup1	96	96	257.23	2.67948	2.67948
ENST00000297578_dup1	99	93	186.649	1.88534	2.00698
ENST00000394909	39	39	-16.425	-0.421154	-0.421154
ENST00000381750	141	141	117.932	0.836397	0.836397
ENST00000414202	48	48	137.631	2.86731	2.86731
ENST00000377798_dup1	78	78	-188.097	-2.4115	-2.4115
ENST00000322940_dup1	87	87	-93.321	-1.07266	-1.07266
ENST00000374279	162	162	333.739	2.06012	2.06012
ENST00000374126	69	69	351.284	5.09107	5.09107
ENST00000328252	57	57	322.498	5.65786	5.65786
ENST00000372642_dup1	177	177	-196.439	-1.10982	-1.10982
ENST00000402686_dup1	129	129	-14.353	-0.111264	-0.111264
ENST00000696149	150	150	-350.965	-2.33977	-2.33977
ENST00000321612_dup1	174	174	25.048	0.143954	0.143954
ENST00000297988	51	51	15.065	0.295392	0.295392
ENST00000378909	138	138	495.007	3.58701	3.58701
ENST00000259667_dup1	39	39	-24.739	-0.634333	-0.634333
ENST00000376499_dup1	36	36	141.129	3.92025	3.92025
ENST00000259407_dup1	90	90	-22.531	-0.250344	-0.250344
ENST00000286713	42	42	-80.705	-1.92155	-1.92155
ENST00000373312	60	60	96.515	1.60858	1.60858
ENST00000335791_dup1	117	117	161.292	1.37856	1.37856
ENST00000340951	33	33	-4.128	-0.125091	-0.125091
ENST00000298585_dup1	237	223	457.821	1.93173	2.05301
ENST00000674429_dup1	45	45	-65.232	-1.4496	-1.4496
ENST00000380861	60	60	129.12	2.152	2.152
ENST00000397548_dup1	168	167	-698.434	-4.15735	-4.18224
ENST00000344302_dup1	168	168	-19.053	-0.113411	-0.113411
ENST00000377073	72	72	49.664	0.689778	0.689778
ENST00000621775_dup1	636	549	2895.55	4.55275	5.27422
ENST00000374360_dup1	213	213	868.755	4.07866	4.07866
ENST00000373719_dup1	63	63	181.415	2.8796	2.8796
ENST00000373521_dup1	594	594	955.007	1.60776	1.60776
ENST00000312600_dup1	123	123	241.439	1.96292	1.96292
ENST00000682573_dup1	45	45	26.853	0.596733	0.596733
ENST00000372548	33	33	-4.541	-0.137606	-0.137606
ENST00000257017_dup1	48	48	199.682	4.16004	4.16004
ENST00000243314_dup1	63	63	-398.953	-6.33259	-6.33259
ENST00000330374_dup1	96	96	-107.739	-1.12228	-1.12228
ENST00000342782	150	150	139.581	0.93054	0.93054
ENST00000393600	93	93	-114.741	-1.23377	-1.23377
ENST00000680255	69	69	17.996	0.260812	0.260812
ENST00000672987	126	126	309.482	2.45621	2.45621
ENST00000251900	93	93	90.101	0.968828	0.968828
ENST00000338883_dup1	63	63	-17.103	-0.271476	-0.271476
ENST00000378069_dup1	129	129	17.188	0.13324	0.13324
ENST00000376509_dup1	183	183	660.696	3.61036	3.61036
ENST00000599218	36	36	90.495	2.51375	2.51375
ENST00000642864_dup1	186	186	980.384	5.27088	5.27088
ENST00000374737_dup1	57	57	47.347	0.830649	0.830649
ENST00000373519_dup1	102	102	24.38	0.23902	0.23902
ENST00000373034_dup1	534	534	1358.54	2.54407	2.54407
ENST00000361910_dup1	120	120	-32.127	-0.267725	-0.267725
ENST00000356824_dup1	204	204	154.186	0.755814	0.755814
ENST00000372774_dup1	183	183	-480.657	-2.62654	-2.62654
ENST00000372383_dup1	105	105	215.935	2.05652	2.05652
ENST00000243213_dup1	51	51	14.637	0.287	0.287
ENST00000200639_dup1	123	123	17.542	0.142618	0.142618
ENST00000304661_dup1	63	63	97.873	1.55354	1.55354
ENST00000361420_dup1	57	57	43.528	0.763649	0.763649
ENST00000370526_dup1	57	57	13.588	0.238386	0.238386
ENST00000595065_dup1	63	63	-540.243	-8.57529	-8.57529
ENST00000369850	36	36	40.287	1.11908	1.11908
